40  68
8 2 1
2 8 1
2 34 1
34 2 1
25 5 1
5 25 1
34 6 1
6 34 1
6 39 1
39 6 1
8 9 1
9 8 1
8 14 1
14 8 1
8 16 1
16 8 1
8 25 1
25 8 1
8 26 1
26 8 1
8 33 1
33 8 1
8 34 1
34 8 1
8 37 1
37 8 1
8 40 1
40 8 1
9 11 1
11 9 1
16 10 1
10 16 1
25 10 1
10 25 1
25 11 1
11 25 1
16 13 1
13 16 1
20 13 1
13 20 1
25 13 1
13 25 1
34 13 1
13 34 1
25 14 1
14 25 1
16 25 1
25 16 1
16 33 1
33 16 1
16 37 1
37 16 1
20 39 1
39 20 1
25 26 1
26 25 1
25 28 1
28 25 1
25 33 1
33 25 1
25 38 1
38 25 1
33 28 1
28 33 1
33 34 1
34 33 1
33 38 1
38 33 1
-1 -1 -1
