50  94
1 36 1
36 1 1
1 38 1
38 1 1
9 3 1
3 9 1
3 20 1
20 3 1
40 3 1
3 40 1
40 5 1
5 40 1
28 7 1
7 28 1
48 7 1
7 48 1
9 12 1
12 9 1
9 13 1
13 9 1
9 20 1
20 9 1
9 27 1
27 9 1
9 33 1
33 9 1
40 9 1
9 40 1
9 43 1
43 9 1
48 9 1
9 48 1
33 12 1
12 33 1
20 13 1
13 20 1
27 13 1
13 27 1
33 13 1
13 33 1
40 13 1
13 40 1
43 13 1
13 43 1
48 13 1
13 48 1
27 20 1
20 27 1
33 20 1
20 33 1
40 20 1
20 40 1
43 20 1
20 43 1
48 20 1
20 48 1
36 22 1
22 36 1
26 28 1
28 26 1
33 27 1
27 33 1
40 27 1
27 40 1
43 27 1
27 43 1
48 27 1
27 48 1
28 36 1
36 28 1
49 28 1
28 49 1
40 33 1
33 40 1
33 43 1
43 33 1
48 33 1
33 48 1
48 36 1
36 48 1
48 39 1
39 48 1
40 43 1
43 40 1
40 48 1
48 40 1
48 43 1
43 48 1
48 45 1
45 48 1
48 47 1
47 48 1
48 49 1
49 48 1
-1 -1 -1
