50  206
1 10 1
10 1 1
1 11 1
11 1 1
1 31 1
31 1 1
40 1 1
1 40 1
1 46 1
46 1 1
10 3 1
3 10 1
40 3 1
3 40 1
43 3 1
3 43 1
3 46 1
46 3 1
6 30 1
30 6 1
44 6 1
6 44 1
8 46 1
46 8 1
40 9 1
9 40 1
10 13 1
13 10 1
10 14 1
14 10 1
10 15 1
15 10 1
17 10 1
10 17 1
10 18 1
18 10 1
10 21 1
21 10 1
10 28 1
28 10 1
10 29 1
29 10 1
10 30 1
30 10 1
10 31 1
31 10 1
10 35 1
35 10 1
10 37 1
37 10 1
40 10 1
10 40 1
10 42 1
42 10 1
10 44 1
44 10 1
10 45 1
45 10 1
10 46 1
46 10 1
10 47 1
47 10 1
48 10 1
10 48 1
49 10 1
10 49 1
10 50 1
50 10 1
11 31 1
31 11 1
40 11 1
11 40 1
42 11 1
11 42 1
18 13 1
13 18 1
13 38 1
38 13 1
40 13 1
13 40 1
44 13 1
13 44 1
13 46 1
46 13 1
48 13 1
13 48 1
45 14 1
14 45 1
40 15 1
15 40 1
46 15 1
15 46 1
16 45 1
45 16 1
16 46 1
46 16 1
16 48 1
48 16 1
17 18 1
18 17 1
17 45 1
45 17 1
48 17 1
17 48 1
40 18 1
18 40 1
18 44 1
44 18 1
18 45 1
45 18 1
18 46 1
46 18 1
48 18 1
18 48 1
40 21 1
21 40 1
45 21 1
21 45 1
21 46 1
46 21 1
24 46 1
46 24 1
25 46 1
46 25 1
40 27 1
27 40 1
27 44 1
44 27 1
40 28 1
28 40 1
28 45 1
45 28 1
28 46 1
46 28 1
40 29 1
29 40 1
45 29 1
29 45 1
29 46 1
46 29 1
43 30 1
30 43 1
45 30 1
30 45 1
46 30 1
30 46 1
40 31 1
31 40 1
45 31 1
31 45 1
46 31 1
31 46 1
40 34 1
34 40 1
40 35 1
35 40 1
35 46 1
46 35 1
36 45 1
45 36 1
36 46 1
46 36 1
40 37 1
37 40 1
45 37 1
37 45 1
37 46 1
46 37 1
40 38 1
38 40 1
44 38 1
38 44 1
46 38 1
38 46 1
48 38 1
38 48 1
40 41 1
41 40 1
40 44 1
44 40 1
40 46 1
46 40 1
40 47 1
47 40 1
40 50 1
50 40 1
43 44 1
44 43 1
44 45 1
45 44 1
44 46 1
46 44 1
45 46 1
46 45 1
49 45 1
45 49 1
50 45 1
45 50 1
46 47 1
47 46 1
48 46 1
46 48 1
49 46 1
46 49 1
50 46 1
46 50 1
-1 -1 -1
