50  154
1 6 1
6 1 1
1 38 1
38 1 1
40 1 1
1 40 1
1 41 1
41 1 1
2 3 1
3 2 1
8 2 1
2 8 1
9 2 1
2 9 1
2 10 1
10 2 1
2 15 1
15 2 1
16 2 1
2 16 1
17 2 1
2 17 1
2 21 1
21 2 1
2 23 1
23 2 1
2 26 1
26 2 1
2 28 1
28 2 1
2 30 1
30 2 1
32 2 1
2 32 1
2 35 1
35 2 1
2 37 1
37 2 1
2 38 1
38 2 1
40 2 1
2 40 1
41 2 1
2 41 1
2 43 1
43 2 1
2 45 1
45 2 1
48 2 1
2 48 1
49 2 1
2 49 1
9 3 1
3 9 1
3 31 1
31 3 1
34 3 1
3 34 1
3 37 1
37 3 1
38 6 1
6 38 1
6 39 1
39 6 1
9 10 1
10 9 1
9 12 1
12 9 1
16 9 1
9 16 1
9 17 1
17 9 1
9 21 1
21 9 1
9 23 1
23 9 1
9 26 1
26 9 1
9 30 1
30 9 1
9 31 1
31 9 1
9 38 1
38 9 1
40 9 1
9 40 1
9 41 1
41 9 1
9 43 1
43 9 1
48 9 1
9 48 1
16 25 1
25 16 1
16 28 1
28 16 1
16 35 1
35 16 1
16 38 1
38 16 1
16 40 1
40 16 1
16 41 1
41 16 1
17 25 1
25 17 1
17 50 1
50 17 1
50 21 1
21 50 1
25 31 1
31 25 1
25 37 1
37 25 1
40 25 1
25 40 1
25 43 1
43 25 1
25 49 1
49 25 1
35 28 1
28 35 1
28 39 1
39 28 1
40 28 1
28 40 1
42 28 1
28 42 1
35 38 1
38 35 1
40 35 1
35 40 1
41 35 1
35 41 1
43 35 1
35 43 1
40 38 1
38 40 1
43 38 1
38 43 1
40 39 1
39 40 1
43 39 1
39 43 1
40 41 1
41 40 1
40 43 1
43 40 1
41 42 1
42 41 1
41 47 1
47 41 1
49 50 1
50 49 1
-1 -1 -1
