70  224
19 3 1
3 19 1
3 29 1
29 3 1
32 4 1
4 32 1
58 4 1
4 58 1
16 6 1
6 16 1
21 6 1
6 21 1
24 6 1
6 24 1
27 6 1
6 27 1
38 6 1
6 38 1
49 6 1
6 49 1
53 6 1
6 53 1
56 6 1
6 56 1
58 6 1
6 58 1
6 63 1
63 6 1
8 58 1
58 8 1
10 58 1
58 10 1
58 12 1
12 58 1
51 15 1
15 51 1
56 15 1
15 56 1
16 21 1
21 16 1
16 24 1
24 16 1
16 27 1
27 16 1
16 38 1
38 16 1
16 56 1
56 16 1
16 58 1
58 16 1
16 60 1
60 16 1
51 19 1
19 51 1
56 19 1
19 56 1
24 21 1
21 24 1
27 21 1
21 27 1
21 38 1
38 21 1
56 21 1
21 56 1
60 21 1
21 60 1
21 63 1
63 21 1
24 38 1
38 24 1
24 49 1
49 24 1
24 51 1
51 24 1
24 56 1
56 24 1
24 58 1
58 24 1
24 67 1
67 24 1
32 27 1
27 32 1
35 27 1
27 35 1
27 38 1
38 27 1
43 27 1
27 43 1
49 27 1
27 49 1
50 27 1
27 50 1
27 54 1
54 27 1
56 27 1
27 56 1
58 27 1
27 58 1
27 60 1
60 27 1
27 61 1
61 27 1
27 62 1
62 27 1
66 27 1
27 66 1
67 27 1
27 67 1
58 28 1
28 58 1
60 29 1
29 60 1
64 29 1
29 64 1
51 31 1
31 51 1
32 37 1
37 32 1
32 41 1
41 32 1
32 47 1
47 32 1
32 51 1
51 32 1
32 56 1
56 32 1
41 35 1
35 41 1
56 35 1
35 56 1
52 37 1
37 52 1
58 37 1
37 58 1
49 38 1
38 49 1
53 38 1
38 53 1
56 38 1
38 56 1
58 38 1
38 58 1
40 58 1
58 40 1
41 52 1
52 41 1
41 54 1
54 41 1
41 58 1
58 41 1
51 43 1
43 51 1
56 43 1
43 56 1
54 47 1
47 54 1
58 47 1
47 58 1
48 51 1
51 48 1
49 53 1
53 49 1
56 49 1
49 56 1
49 58 1
58 49 1
49 60 1
60 49 1
49 63 1
63 49 1
49 67 1
67 49 1
50 51 1
51 50 1
56 50 1
50 56 1
56 51 1
51 56 1
58 51 1
51 58 1
51 61 1
61 51 1
51 70 1
70 51 1
56 52 1
52 56 1
56 53 1
53 56 1
58 53 1
53 58 1
60 53 1
53 60 1
67 53 1
53 67 1
56 54 1
54 56 1
56 58 1
58 56 1
56 60 1
60 56 1
56 61 1
61 56 1
56 62 1
62 56 1
56 64 1
64 56 1
56 66 1
66 56 1
56 67 1
67 56 1
56 70 1
70 56 1
58 63 1
63 58 1
58 67 1
67 58 1
61 62 1
62 61 1
66 61 1
61 66 1
67 63 1
63 67 1
66 70 1
70 66 1
-1 -1 -1
