70  238
24 2 1
2 24 1
25 2 1
2 25 1
4 14 1
14 4 1
41 4 1
4 41 1
14 7 1
7 14 1
30 7 1
7 30 1
66 7 1
7 66 1
9 21 1
21 9 1
9 22 1
22 9 1
24 9 1
9 24 1
9 33 1
33 9 1
9 50 1
50 9 1
9 55 1
55 9 1
10 35 1
35 10 1
13 14 1
14 13 1
17 13 1
13 17 1
18 13 1
13 18 1
13 22 1
22 13 1
29 13 1
13 29 1
13 30 1
30 13 1
33 13 1
13 33 1
37 13 1
13 37 1
41 13 1
13 41 1
42 13 1
13 42 1
50 13 1
13 50 1
13 55 1
55 13 1
59 13 1
13 59 1
18 14 1
14 18 1
19 14 1
14 19 1
20 14 1
14 20 1
14 22 1
22 14 1
14 30 1
30 14 1
32 14 1
14 32 1
44 14 1
14 44 1
51 14 1
14 51 1
52 14 1
14 52 1
54 14 1
14 54 1
59 14 1
14 59 1
66 14 1
14 66 1
67 14 1
14 67 1
69 14 1
14 69 1
70 14 1
14 70 1
18 22 1
22 18 1
24 18 1
18 24 1
25 18 1
18 25 1
18 29 1
29 18 1
18 30 1
30 18 1
18 59 1
59 18 1
18 66 1
66 18 1
18 69 1
69 18 1
66 19 1
19 66 1
20 44 1
44 20 1
66 20 1
20 66 1
67 20 1
20 67 1
50 21 1
21 50 1
69 21 1
21 69 1
22 23 1
23 22 1
24 22 1
22 24 1
25 22 1
22 25 1
28 22 1
22 28 1
29 22 1
22 29 1
32 22 1
22 32 1
33 22 1
22 33 1
37 22 1
22 37 1
22 39 1
39 22 1
42 22 1
22 42 1
46 22 1
22 46 1
50 22 1
22 50 1
22 55 1
55 22 1
56 22 1
22 56 1
59 22 1
22 59 1
25 23 1
23 25 1
69 23 1
23 69 1
24 28 1
28 24 1
24 29 1
29 24 1
24 31 1
31 24 1
24 33 1
33 24 1
24 37 1
37 24 1
24 39 1
39 24 1
24 40 1
40 24 1
24 41 1
41 24 1
24 42 1
42 24 1
24 55 1
55 24 1
24 59 1
59 24 1
25 29 1
29 25 1
25 30 1
30 25 1
32 25 1
25 32 1
25 34 1
34 25 1
25 46 1
46 25 1
25 66 1
66 25 1
26 50 1
50 26 1
32 27 1
27 32 1
59 27 1
27 59 1
32 28 1
28 32 1
59 28 1
28 59 1
29 30 1
30 29 1
59 29 1
29 59 1
69 29 1
29 69 1
32 30 1
30 32 1
35 30 1
30 35 1
44 30 1
30 44 1
51 30 1
30 51 1
52 30 1
30 52 1
54 30 1
30 54 1
62 30 1
30 62 1
66 30 1
30 66 1
67 30 1
30 67 1
32 35 1
35 32 1
32 66 1
66 32 1
69 37 1
37 69 1
67 43 1
43 67 1
66 44 1
44 66 1
67 44 1
44 67 1
69 46 1
46 69 1
50 55 1
55 50 1
66 51 1
51 66 1
56 69 1
69 56 1
66 59 1
59 66 1
66 70 1
70 66 1
-1 -1 -1
