40  110
1 36 1
36 1 1
2 11 1
11 2 1
16 2 1
2 16 1
11 3 1
3 11 1
16 3 1
3 16 1
17 3 1
3 17 1
16 6 1
6 16 1
11 7 1
7 11 1
16 7 1
7 16 1
27 7 1
7 27 1
34 7 1
7 34 1
39 7 1
7 39 1
11 12 1
12 11 1
11 13 1
13 11 1
17 11 1
11 17 1
18 11 1
11 18 1
25 11 1
11 25 1
27 11 1
11 27 1
11 30 1
30 11 1
32 11 1
11 32 1
33 11 1
11 33 1
11 37 1
37 11 1
11 39 1
39 11 1
16 12 1
12 16 1
17 12 1
12 17 1
16 13 1
13 16 1
17 13 1
13 17 1
18 13 1
13 18 1
20 13 1
13 20 1
35 13 1
13 35 1
36 13 1
13 36 1
16 17 1
17 16 1
16 18 1
18 16 1
16 24 1
24 16 1
16 25 1
25 16 1
16 27 1
27 16 1
16 29 1
29 16 1
16 30 1
30 16 1
16 32 1
32 16 1
16 33 1
33 16 1
16 34 1
34 16 1
16 38 1
38 16 1
16 39 1
39 16 1
24 17 1
17 24 1
17 30 1
30 17 1
32 17 1
17 32 1
17 37 1
37 17 1
18 37 1
37 18 1
18 38 1
38 18 1
19 36 1
36 19 1
34 27 1
27 34 1
27 39 1
39 27 1
33 39 1
39 33 1
34 39 1
39 34 1
40 38 1
38 40 1
-1 -1 -1
