70  388
1 10 1
10 1 1
1 31 1
31 1 1
40 1 1
1 40 1
65 1 1
1 65 1
2 10 1
10 2 1
2 31 1
31 2 1
32 2 1
2 32 1
40 2 1
2 40 1
65 2 1
2 65 1
3 31 1
31 3 1
32 3 1
3 32 1
40 3 1
3 40 1
65 3 1
3 65 1
65 4 1
4 65 1
10 7 1
7 10 1
21 7 1
7 21 1
23 7 1
7 23 1
31 7 1
7 31 1
40 7 1
7 40 1
57 7 1
7 57 1
70 7 1
7 70 1
8 31 1
31 8 1
8 40 1
40 8 1
8 65 1
65 8 1
9 10 1
10 9 1
9 31 1
31 9 1
32 9 1
9 32 1
40 9 1
9 40 1
65 9 1
9 65 1
17 10 1
10 17 1
10 18 1
18 10 1
10 19 1
19 10 1
10 21 1
21 10 1
10 27 1
27 10 1
10 29 1
29 10 1
10 30 1
30 10 1
10 31 1
31 10 1
32 10 1
10 32 1
10 35 1
35 10 1
10 37 1
37 10 1
40 10 1
10 40 1
10 44 1
44 10 1
10 45 1
45 10 1
10 50 1
50 10 1
10 51 1
51 10 1
10 53 1
53 10 1
57 10 1
10 57 1
10 58 1
58 10 1
10 59 1
59 10 1
10 63 1
63 10 1
10 68 1
68 10 1
10 70 1
70 10 1
32 14 1
14 32 1
14 47 1
47 14 1
16 37 1
37 16 1
16 57 1
57 16 1
17 31 1
31 17 1
32 17 1
17 32 1
40 17 1
17 40 1
65 17 1
17 65 1
18 27 1
27 18 1
18 29 1
29 18 1
18 31 1
31 18 1
32 18 1
18 32 1
40 18 1
18 40 1
18 53 1
53 18 1
18 59 1
59 18 1
18 69 1
69 18 1
40 19 1
19 40 1
42 19 1
19 42 1
57 20 1
20 57 1
21 23 1
23 21 1
21 31 1
31 21 1
32 21 1
21 32 1
35 21 1
21 35 1
40 21 1
21 40 1
45 21 1
21 45 1
51 21 1
21 51 1
57 21 1
21 57 1
21 63 1
63 21 1
65 21 1
21 65 1
21 70 1
70 21 1
37 22 1
22 37 1
32 23 1
23 32 1
35 23 1
23 35 1
45 23 1
23 45 1
47 23 1
23 47 1
57 23 1
23 57 1
25 38 1
38 25 1
40 25 1
25 40 1
25 59 1
59 25 1
26 31 1
31 26 1
32 26 1
26 32 1
40 26 1
26 40 1
26 63 1
63 26 1
65 26 1
26 65 1
27 29 1
29 27 1
27 31 1
31 27 1
40 27 1
27 40 1
27 53 1
53 27 1
59 27 1
27 59 1
64 27 1
27 64 1
65 27 1
27 65 1
27 69 1
69 27 1
28 45 1
45 28 1
28 47 1
47 28 1
29 31 1
31 29 1
32 29 1
29 32 1
40 29 1
29 40 1
53 29 1
29 53 1
59 29 1
29 59 1
29 63 1
63 29 1
64 29 1
29 64 1
65 29 1
29 65 1
69 29 1
29 69 1
30 31 1
31 30 1
32 30 1
30 32 1
40 30 1
30 40 1
65 30 1
30 65 1
32 31 1
31 32 1
35 31 1
31 35 1
37 31 1
31 37 1
40 31 1
31 40 1
43 31 1
31 43 1
45 31 1
31 45 1
47 31 1
31 47 1
50 31 1
31 50 1
51 31 1
31 51 1
53 31 1
31 53 1
57 31 1
31 57 1
58 31 1
31 58 1
59 31 1
31 59 1
63 31 1
31 63 1
65 31 1
31 65 1
68 31 1
31 68 1
69 31 1
31 69 1
70 31 1
31 70 1
32 35 1
35 32 1
32 37 1
37 32 1
32 40 1
40 32 1
32 47 1
47 32 1
32 53 1
53 32 1
32 57 1
57 32 1
32 68 1
68 32 1
32 69 1
69 32 1
32 70 1
70 32 1
33 34 1
34 33 1
40 35 1
35 40 1
35 45 1
45 35 1
51 35 1
35 51 1
57 35 1
35 57 1
65 35 1
35 65 1
35 70 1
70 35 1
40 37 1
37 40 1
42 37 1
37 42 1
65 37 1
37 65 1
53 38 1
38 53 1
65 38 1
38 65 1
40 47 1
47 40 1
40 50 1
50 40 1
40 51 1
51 40 1
40 53 1
53 40 1
40 57 1
57 40 1
40 58 1
58 40 1
40 59 1
59 40 1
40 65 1
65 40 1
40 66 1
66 40 1
40 68 1
68 40 1
40 69 1
69 40 1
40 70 1
70 40 1
57 42 1
42 57 1
65 43 1
43 65 1
45 70 1
70 45 1
51 47 1
47 51 1
70 47 1
47 70 1
50 63 1
63 50 1
51 52 1
52 51 1
65 51 1
51 65 1
51 70 1
70 51 1
65 52 1
52 65 1
52 70 1
70 52 1
59 53 1
53 59 1
61 53 1
53 61 1
53 63 1
63 53 1
65 53 1
53 65 1
65 58 1
58 65 1
64 59 1
59 64 1
65 59 1
59 65 1
59 69 1
69 59 1
65 62 1
62 65 1
69 63 1
63 69 1
65 68 1
68 65 1
65 69 1
69 65 1
65 70 1
70 65 1
-1 -1 -1
