30  60
1 17 1
17 1 1
17 2 1
2 17 1
17 3 1
3 17 1
21 6 1
6 21 1
17 7 1
7 17 1
8 21 1
21 8 1
8 23 1
23 8 1
9 18 1
18 9 1
9 28 1
28 9 1
17 12 1
12 17 1
12 23 1
23 12 1
12 30 1
30 12 1
17 13 1
13 17 1
18 13 1
13 18 1
21 13 1
13 21 1
24 13 1
13 24 1
17 14 1
14 17 1
27 14 1
14 27 1
17 19 1
19 17 1
17 22 1
22 17 1
24 17 1
17 24 1
17 29 1
29 17 1
17 30 1
30 17 1
18 21 1
21 18 1
24 18 1
18 24 1
24 21 1
21 24 1
27 21 1
21 27 1
27 23 1
23 27 1
30 23 1
23 30 1
24 25 1
25 24 1
-1 -1 -1
