50  80
18 3 1
3 18 1
25 3 1
3 25 1
3 31 1
31 3 1
3 47 1
47 3 1
18 4 1
4 18 1
31 7 1
7 31 1
8 24 1
24 8 1
8 31 1
31 8 1
10 31 1
31 10 1
24 14 1
14 24 1
16 24 1
24 16 1
16 31 1
31 16 1
16 47 1
47 16 1
24 17 1
17 24 1
17 31 1
31 17 1
24 18 1
18 24 1
25 18 1
18 25 1
18 31 1
31 18 1
18 47 1
47 18 1
20 31 1
31 20 1
24 22 1
22 24 1
22 31 1
31 22 1
24 25 1
25 24 1
24 26 1
26 24 1
24 30 1
30 24 1
24 31 1
31 24 1
24 35 1
35 24 1
24 38 1
38 24 1
24 43 1
43 24 1
24 44 1
44 24 1
24 46 1
46 24 1
24 47 1
47 24 1
26 31 1
31 26 1
27 31 1
31 27 1
28 44 1
44 28 1
35 31 1
31 35 1
38 31 1
31 38 1
43 31 1
31 43 1
46 31 1
31 46 1
47 31 1
31 47 1
-1 -1 -1
