60  342
2 12 1
12 2 1
2 14 1
14 2 1
17 2 1
2 17 1
2 18 1
18 2 1
2 34 1
34 2 1
2 42 1
42 2 1
2 44 1
44 2 1
2 46 1
46 2 1
49 2 1
2 49 1
2 51 1
51 2 1
2 54 1
54 2 1
2 55 1
55 2 1
56 2 1
2 56 1
2 58 1
58 2 1
18 3 1
3 18 1
3 30 1
30 3 1
49 3 1
3 49 1
51 3 1
3 51 1
18 6 1
6 18 1
49 6 1
6 49 1
51 6 1
6 51 1
8 12 1
12 8 1
8 54 1
54 8 1
8 56 1
56 8 1
9 12 1
12 9 1
9 54 1
54 9 1
56 9 1
9 56 1
9 57 1
57 9 1
17 12 1
12 17 1
18 12 1
12 18 1
19 12 1
12 19 1
12 22 1
22 12 1
24 12 1
12 24 1
25 12 1
12 25 1
26 12 1
12 26 1
27 12 1
12 27 1
12 30 1
30 12 1
34 12 1
12 34 1
12 37 1
37 12 1
41 12 1
12 41 1
42 12 1
12 42 1
12 44 1
44 12 1
12 47 1
47 12 1
49 12 1
12 49 1
50 12 1
12 50 1
51 12 1
12 51 1
12 52 1
52 12 1
12 54 1
54 12 1
12 55 1
55 12 1
56 12 1
12 56 1
58 12 1
12 58 1
12 60 1
60 12 1
17 14 1
14 17 1
18 14 1
14 18 1
34 14 1
14 34 1
44 14 1
14 44 1
49 14 1
14 49 1
51 14 1
14 51 1
54 14 1
14 54 1
14 55 1
55 14 1
18 15 1
15 18 1
17 18 1
18 17 1
17 34 1
34 17 1
17 42 1
42 17 1
17 44 1
44 17 1
17 46 1
46 17 1
17 49 1
49 17 1
17 51 1
51 17 1
17 54 1
54 17 1
17 55 1
55 17 1
17 58 1
58 17 1
32 18 1
18 32 1
18 34 1
34 18 1
18 42 1
42 18 1
18 44 1
44 18 1
49 18 1
18 49 1
56 18 1
18 56 1
18 58 1
58 18 1
19 54 1
54 19 1
56 19 1
19 56 1
25 21 1
21 25 1
27 21 1
21 27 1
28 21 1
21 28 1
41 21 1
21 41 1
52 21 1
21 52 1
21 54 1
54 21 1
25 22 1
22 25 1
41 22 1
22 41 1
52 22 1
22 52 1
54 22 1
22 54 1
56 22 1
22 56 1
24 32 1
32 24 1
24 54 1
54 24 1
24 56 1
56 24 1
25 27 1
27 25 1
25 28 1
28 25 1
25 35 1
35 25 1
25 41 1
41 25 1
25 54 1
54 25 1
56 25 1
25 56 1
26 54 1
54 26 1
56 26 1
26 56 1
27 28 1
28 27 1
41 27 1
27 41 1
27 52 1
52 27 1
27 54 1
54 27 1
56 27 1
27 56 1
48 28 1
28 48 1
56 28 1
28 56 1
32 30 1
30 32 1
54 30 1
30 54 1
56 30 1
30 56 1
32 49 1
49 32 1
32 51 1
51 32 1
33 51 1
51 33 1
34 44 1
44 34 1
48 34 1
34 48 1
49 34 1
34 49 1
34 51 1
51 34 1
34 54 1
54 34 1
34 55 1
55 34 1
56 34 1
34 56 1
34 58 1
58 34 1
58 35 1
35 58 1
35 60 1
60 35 1
42 37 1
37 42 1
41 52 1
52 41 1
41 54 1
54 41 1
56 41 1
41 56 1
42 44 1
44 42 1
49 42 1
42 49 1
42 51 1
51 42 1
42 54 1
54 42 1
56 42 1
42 56 1
42 58 1
58 42 1
49 43 1
43 49 1
51 43 1
43 51 1
44 46 1
46 44 1
51 44 1
44 51 1
44 54 1
54 44 1
44 55 1
55 44 1
56 44 1
44 56 1
58 44 1
44 58 1
45 54 1
54 45 1
56 46 1
46 56 1
54 47 1
47 54 1
48 49 1
49 48 1
48 53 1
53 48 1
48 60 1
60 48 1
49 51 1
51 49 1
49 54 1
54 49 1
49 55 1
55 49 1
56 49 1
49 56 1
49 58 1
58 49 1
50 54 1
54 50 1
56 50 1
50 56 1
51 54 1
54 51 1
51 55 1
55 51 1
56 51 1
51 56 1
58 51 1
51 58 1
53 54 1
54 53 1
54 55 1
55 54 1
56 54 1
54 56 1
58 54 1
54 58 1
60 54 1
54 60 1
56 55 1
55 56 1
58 55 1
55 58 1
56 58 1
58 56 1
56 59 1
59 56 1
56 60 1
60 56 1
57 58 1
58 57 1
-1 -1 -1
