60  276
2 14 1
14 2 1
2 47 1
47 2 1
11 3 1
3 11 1
3 20 1
20 3 1
3 21 1
21 3 1
24 3 1
3 24 1
25 3 1
3 25 1
32 3 1
3 32 1
35 3 1
3 35 1
3 39 1
39 3 1
3 45 1
45 3 1
3 46 1
46 3 1
51 3 1
3 51 1
3 52 1
52 3 1
3 53 1
53 3 1
3 54 1
54 3 1
3 55 1
55 3 1
57 3 1
3 57 1
59 3 1
3 59 1
9 13 1
13 9 1
9 14 1
14 9 1
9 15 1
15 9 1
16 9 1
9 16 1
9 18 1
18 9 1
9 21 1
21 9 1
9 23 1
23 9 1
9 25 1
25 9 1
9 26 1
26 9 1
9 27 1
27 9 1
9 28 1
28 9 1
9 29 1
29 9 1
9 30 1
30 9 1
9 31 1
31 9 1
32 9 1
9 32 1
9 33 1
33 9 1
9 34 1
34 9 1
9 35 1
35 9 1
9 39 1
39 9 1
40 9 1
9 40 1
9 41 1
41 9 1
9 44 1
44 9 1
9 45 1
45 9 1
9 46 1
46 9 1
48 9 1
9 48 1
9 52 1
52 9 1
9 53 1
53 9 1
9 55 1
55 9 1
56 9 1
9 56 1
9 57 1
57 9 1
9 59 1
59 9 1
9 60 1
60 9 1
20 13 1
13 20 1
14 47 1
47 14 1
48 14 1
14 48 1
50 14 1
14 50 1
21 15 1
15 21 1
23 15 1
15 23 1
52 15 1
15 52 1
16 20 1
20 16 1
17 45 1
45 17 1
17 52 1
52 17 1
17 53 1
53 17 1
17 57 1
57 17 1
20 21 1
21 20 1
20 23 1
23 20 1
25 20 1
20 25 1
26 20 1
20 26 1
20 28 1
28 20 1
20 30 1
30 20 1
35 20 1
20 35 1
20 39 1
39 20 1
41 20 1
20 41 1
20 45 1
45 20 1
20 46 1
46 20 1
48 20 1
20 48 1
20 52 1
52 20 1
56 20 1
20 56 1
57 20 1
20 57 1
20 60 1
60 20 1
25 21 1
21 25 1
32 21 1
21 32 1
35 21 1
21 35 1
21 39 1
39 21 1
45 21 1
21 45 1
21 46 1
46 21 1
52 21 1
21 52 1
53 21 1
21 53 1
21 55 1
55 21 1
57 21 1
21 57 1
59 21 1
21 59 1
25 23 1
23 25 1
35 23 1
23 35 1
52 23 1
23 52 1
32 25 1
25 32 1
25 39 1
39 25 1
25 45 1
45 25 1
25 52 1
52 25 1
25 53 1
53 25 1
25 55 1
55 25 1
25 57 1
57 25 1
32 39 1
39 32 1
32 45 1
45 32 1
32 46 1
46 32 1
32 52 1
52 32 1
32 55 1
55 32 1
32 57 1
57 32 1
35 39 1
39 35 1
57 35 1
35 57 1
45 39 1
39 45 1
52 39 1
39 52 1
53 39 1
39 53 1
55 39 1
39 55 1
57 39 1
39 57 1
45 46 1
46 45 1
52 45 1
45 52 1
45 55 1
55 45 1
57 45 1
45 57 1
51 46 1
46 51 1
52 46 1
46 52 1
53 46 1
46 53 1
54 46 1
46 54 1
46 55 1
55 46 1
57 46 1
46 57 1
58 46 1
46 58 1
59 46 1
46 59 1
48 47 1
47 48 1
50 47 1
47 50 1
51 53 1
53 51 1
52 53 1
53 52 1
52 55 1
55 52 1
57 52 1
52 57 1
59 52 1
52 59 1
53 54 1
54 53 1
57 53 1
53 57 1
59 53 1
53 59 1
57 55 1
55 57 1
59 55 1
55 59 1
57 59 1
59 57 1
-1 -1 -1
