70  378
24 1 1
1 24 1
1 31 1
31 1 1
2 3 1
3 2 1
2 4 1
4 2 1
8 2 1
2 8 1
2 10 1
10 2 1
2 11 1
11 2 1
2 14 1
14 2 1
2 18 1
18 2 1
2 19 1
19 2 1
2 21 1
21 2 1
2 27 1
27 2 1
2 31 1
31 2 1
32 2 1
2 32 1
2 35 1
35 2 1
41 2 1
2 41 1
2 47 1
47 2 1
2 51 1
51 2 1
57 2 1
2 57 1
2 68 1
68 2 1
2 70 1
70 2 1
24 3 1
3 24 1
3 52 1
52 3 1
4 55 1
55 4 1
58 4 1
4 58 1
67 4 1
4 67 1
24 5 1
5 24 1
27 5 1
5 27 1
5 31 1
31 5 1
67 5 1
5 67 1
14 7 1
7 14 1
38 7 1
7 38 1
68 7 1
7 68 1
8 24 1
24 8 1
8 31 1
31 8 1
8 67 1
67 8 1
32 9 1
9 32 1
9 58 1
58 9 1
10 14 1
14 10 1
10 18 1
18 10 1
10 19 1
19 10 1
24 10 1
10 24 1
10 31 1
31 10 1
32 10 1
10 32 1
10 38 1
38 10 1
41 10 1
10 41 1
10 44 1
44 10 1
10 68 1
68 10 1
24 11 1
11 24 1
11 31 1
31 11 1
67 11 1
11 67 1
49 12 1
12 49 1
67 12 1
12 67 1
12 68 1
68 12 1
34 13 1
13 34 1
69 13 1
13 69 1
18 14 1
14 18 1
19 14 1
14 19 1
24 14 1
14 24 1
25 14 1
14 25 1
14 31 1
31 14 1
32 14 1
14 32 1
33 14 1
14 33 1
34 14 1
14 34 1
38 14 1
14 38 1
43 14 1
14 43 1
44 14 1
14 44 1
49 14 1
14 49 1
50 14 1
14 50 1
58 14 1
14 58 1
66 14 1
14 66 1
68 14 1
14 68 1
69 14 1
14 69 1
18 19 1
19 18 1
24 18 1
18 24 1
18 36 1
36 18 1
41 18 1
18 41 1
18 44 1
44 18 1
49 18 1
18 49 1
18 59 1
59 18 1
18 67 1
67 18 1
18 68 1
68 18 1
24 19 1
19 24 1
19 31 1
31 19 1
32 19 1
19 32 1
19 38 1
38 19 1
41 19 1
19 41 1
19 44 1
44 19 1
67 19 1
19 67 1
19 68 1
68 19 1
24 20 1
20 24 1
20 44 1
44 20 1
24 21 1
21 24 1
21 31 1
31 21 1
43 21 1
21 43 1
21 55 1
55 21 1
58 21 1
21 58 1
66 21 1
21 66 1
67 21 1
21 67 1
69 21 1
21 69 1
24 27 1
27 24 1
24 28 1
28 24 1
24 30 1
30 24 1
24 31 1
31 24 1
24 39 1
39 24 1
24 47 1
47 24 1
24 50 1
50 24 1
24 53 1
53 24 1
24 67 1
67 24 1
24 70 1
70 24 1
25 38 1
38 25 1
25 68 1
68 25 1
27 52 1
52 27 1
67 28 1
28 67 1
37 31 1
31 37 1
39 31 1
31 39 1
46 31 1
31 46 1
47 31 1
31 47 1
51 31 1
31 51 1
57 31 1
31 57 1
63 31 1
31 63 1
65 31 1
31 65 1
68 31 1
31 68 1
70 31 1
31 70 1
32 36 1
36 32 1
32 41 1
41 32 1
32 44 1
44 32 1
32 67 1
67 32 1
33 38 1
38 33 1
33 68 1
68 33 1
34 38 1
38 34 1
34 68 1
68 34 1
35 52 1
52 35 1
41 36 1
36 41 1
67 36 1
36 67 1
36 68 1
68 36 1
52 37 1
37 52 1
67 37 1
37 67 1
41 38 1
38 41 1
43 38 1
38 43 1
44 38 1
38 44 1
58 38 1
38 58 1
66 38 1
38 66 1
67 38 1
38 67 1
68 38 1
38 68 1
69 38 1
38 69 1
67 39 1
39 67 1
40 52 1
52 40 1
40 67 1
67 40 1
41 45 1
45 41 1
41 50 1
50 41 1
41 52 1
52 41 1
41 67 1
67 41 1
41 68 1
68 41 1
57 43 1
43 57 1
43 60 1
60 43 1
43 68 1
68 43 1
43 70 1
70 43 1
49 44 1
44 49 1
50 44 1
44 50 1
44 68 1
68 44 1
60 45 1
45 60 1
45 70 1
70 45 1
67 46 1
46 67 1
49 68 1
68 49 1
57 50 1
50 57 1
50 68 1
68 50 1
67 51 1
51 67 1
67 52 1
52 67 1
57 55 1
55 57 1
65 55 1
55 65 1
70 55 1
55 70 1
57 58 1
58 57 1
57 66 1
66 57 1
57 67 1
67 57 1
57 69 1
69 57 1
58 68 1
68 58 1
58 70 1
70 58 1
59 68 1
68 59 1
66 60 1
60 66 1
67 60 1
60 67 1
60 69 1
69 60 1
68 62 1
62 68 1
67 63 1
63 67 1
65 69 1
69 65 1
67 68 1
68 67 1
67 70 1
70 67 1
68 69 1
69 68 1
69 70 1
70 69 1
-1 -1 -1
