60  204
1 7 1
7 1 1
1 42 1
42 1 1
32 2 1
2 32 1
40 2 1
2 40 1
2 58 1
58 2 1
40 3 1
3 40 1
32 4 1
4 32 1
6 7 1
7 6 1
9 6 1
6 9 1
51 6 1
6 51 1
9 7 1
7 9 1
12 7 1
7 12 1
14 7 1
7 14 1
15 7 1
7 15 1
21 7 1
7 21 1
22 7 1
7 22 1
23 7 1
7 23 1
24 7 1
7 24 1
25 7 1
7 25 1
27 7 1
7 27 1
28 7 1
7 28 1
30 7 1
7 30 1
31 7 1
7 31 1
32 7 1
7 32 1
33 7 1
7 33 1
34 7 1
7 34 1
37 7 1
7 37 1
38 7 1
7 38 1
40 7 1
7 40 1
47 7 1
7 47 1
49 7 1
7 49 1
51 7 1
7 51 1
55 7 1
7 55 1
58 7 1
7 58 1
60 7 1
7 60 1
8 32 1
32 8 1
8 58 1
58 8 1
9 13 1
13 9 1
9 14 1
14 9 1
9 15 1
15 9 1
9 22 1
22 9 1
24 9 1
9 24 1
9 25 1
25 9 1
9 33 1
33 9 1
9 34 1
34 9 1
40 9 1
9 40 1
9 47 1
47 9 1
48 9 1
9 48 1
9 49 1
49 9 1
9 51 1
51 9 1
9 58 1
58 9 1
9 60 1
60 9 1
11 44 1
44 11 1
51 11 1
11 51 1
32 13 1
13 32 1
35 13 1
13 35 1
13 38 1
38 13 1
40 13 1
13 40 1
51 13 1
13 51 1
51 14 1
14 51 1
51 15 1
15 51 1
16 21 1
21 16 1
37 21 1
21 37 1
49 21 1
21 49 1
51 21 1
21 51 1
51 22 1
22 51 1
49 23 1
23 49 1
24 51 1
51 24 1
25 51 1
51 25 1
40 26 1
26 40 1
51 27 1
27 51 1
51 30 1
30 51 1
32 31 1
31 32 1
38 31 1
31 38 1
40 31 1
31 40 1
51 31 1
31 51 1
32 35 1
35 32 1
32 38 1
38 32 1
32 40 1
40 32 1
32 42 1
42 32 1
32 44 1
44 32 1
32 50 1
50 32 1
32 51 1
51 32 1
32 54 1
54 32 1
32 58 1
58 32 1
33 51 1
51 33 1
34 51 1
51 34 1
51 37 1
37 51 1
40 38 1
38 40 1
51 38 1
38 51 1
58 38 1
38 58 1
40 42 1
42 40 1
40 44 1
44 40 1
40 51 1
51 40 1
40 58 1
58 40 1
42 51 1
51 42 1
48 51 1
51 48 1
49 51 1
51 49 1
49 60 1
60 49 1
51 55 1
55 51 1
58 51 1
51 58 1
58 54 1
54 58 1
-1 -1 -1
