40  70
3 14 1
14 3 1
3 22 1
22 3 1
9 22 1
22 9 1
17 11 1
11 17 1
11 31 1
31 11 1
17 14 1
14 17 1
21 14 1
14 21 1
14 22 1
22 14 1
14 23 1
23 14 1
24 14 1
14 24 1
28 14 1
14 28 1
32 14 1
14 32 1
35 14 1
14 35 1
14 39 1
39 14 1
17 20 1
20 17 1
17 21 1
21 17 1
17 22 1
22 17 1
24 17 1
17 24 1
17 31 1
31 17 1
17 39 1
39 17 1
20 22 1
22 20 1
20 31 1
31 20 1
35 20 1
20 35 1
20 39 1
39 20 1
21 22 1
22 21 1
35 21 1
21 35 1
21 39 1
39 21 1
22 23 1
23 22 1
26 22 1
22 26 1
35 22 1
22 35 1
22 39 1
39 22 1
24 39 1
39 24 1
26 35 1
35 26 1
35 31 1
31 35 1
35 39 1
39 35 1
-1 -1 -1
