40  78
1 23 1
23 1 1
1 31 1
31 1 1
1 37 1
37 1 1
2 5 1
5 2 1
2 37 1
37 2 1
16 3 1
3 16 1
34 5 1
5 34 1
37 5 1
5 37 1
6 23 1
23 6 1
8 23 1
23 8 1
8 27 1
27 8 1
8 39 1
39 8 1
10 37 1
37 10 1
16 13 1
13 16 1
13 23 1
23 13 1
13 31 1
31 13 1
37 13 1
13 37 1
13 39 1
39 13 1
37 15 1
15 37 1
16 23 1
23 16 1
16 31 1
31 16 1
16 37 1
37 16 1
17 37 1
37 17 1
18 37 1
37 18 1
19 37 1
37 19 1
20 23 1
23 20 1
20 39 1
39 20 1
37 21 1
21 37 1
37 23 1
23 37 1
39 23 1
23 39 1
26 37 1
37 26 1
27 37 1
37 27 1
39 31 1
31 39 1
32 37 1
37 32 1
34 37 1
37 34 1
35 39 1
39 35 1
36 37 1
37 36 1
37 38 1
38 37 1
37 39 1
39 37 1
-1 -1 -1
