60  234
1 35 1
35 1 1
3 22 1
22 3 1
3 44 1
44 3 1
35 4 1
4 35 1
4 44 1
44 4 1
4 53 1
53 4 1
29 5 1
5 29 1
5 30 1
30 5 1
33 5 1
5 33 1
44 5 1
5 44 1
5 55 1
55 5 1
8 55 1
55 8 1
9 55 1
55 9 1
17 11 1
11 17 1
24 11 1
11 24 1
11 29 1
29 11 1
33 11 1
11 33 1
11 55 1
55 11 1
19 12 1
12 19 1
12 22 1
22 12 1
12 29 1
29 12 1
33 12 1
12 33 1
12 44 1
44 12 1
35 13 1
13 35 1
44 13 1
13 44 1
14 22 1
22 14 1
14 55 1
55 14 1
22 15 1
15 22 1
16 44 1
44 16 1
16 55 1
55 16 1
17 44 1
44 17 1
17 54 1
54 17 1
17 55 1
55 17 1
35 19 1
19 35 1
19 39 1
39 19 1
50 19 1
19 50 1
33 21 1
21 33 1
26 22 1
22 26 1
27 22 1
22 27 1
28 22 1
22 28 1
22 31 1
31 22 1
35 22 1
22 35 1
40 22 1
22 40 1
43 22 1
22 43 1
44 22 1
22 44 1
46 22 1
22 46 1
51 22 1
22 51 1
54 22 1
22 54 1
22 55 1
55 22 1
56 22 1
22 56 1
57 22 1
22 57 1
44 23 1
23 44 1
55 23 1
23 55 1
24 34 1
34 24 1
24 40 1
40 24 1
24 44 1
44 24 1
24 45 1
45 24 1
24 54 1
54 24 1
24 55 1
55 24 1
26 44 1
44 26 1
26 55 1
55 26 1
35 27 1
27 35 1
27 46 1
46 27 1
27 55 1
55 27 1
28 44 1
44 28 1
35 29 1
29 35 1
44 29 1
29 44 1
44 31 1
31 44 1
55 31 1
31 55 1
32 44 1
44 32 1
33 35 1
35 33 1
33 39 1
39 33 1
33 44 1
44 33 1
42 35 1
35 42 1
35 44 1
44 35 1
35 46 1
46 35 1
49 35 1
35 49 1
51 35 1
35 51 1
35 52 1
52 35 1
35 53 1
53 35 1
35 55 1
55 35 1
40 54 1
54 40 1
40 55 1
55 40 1
41 44 1
44 41 1
41 52 1
52 41 1
41 55 1
55 41 1
42 44 1
44 42 1
43 44 1
44 43 1
43 55 1
55 43 1
44 46 1
46 44 1
44 47 1
47 44 1
48 44 1
44 48 1
49 44 1
44 49 1
50 44 1
44 50 1
51 44 1
44 51 1
44 52 1
52 44 1
44 53 1
53 44 1
44 54 1
54 44 1
44 55 1
55 44 1
56 44 1
44 56 1
57 44 1
44 57 1
58 44 1
44 58 1
59 44 1
44 59 1
45 46 1
46 45 1
51 45 1
45 51 1
51 46 1
46 51 1
52 46 1
46 52 1
46 55 1
55 46 1
55 47 1
47 55 1
48 55 1
55 48 1
49 51 1
51 49 1
51 55 1
55 51 1
52 55 1
55 52 1
54 55 1
55 54 1
56 55 1
55 56 1
58 55 1
55 58 1
60 55 1
55 60 1
-1 -1 -1
