40  122
1 9 1
9 1 1
1 25 1
25 1 1
1 37 1
37 1 1
3 7 1
7 3 1
8 3 1
3 8 1
9 3 1
3 9 1
33 3 1
3 33 1
8 5 1
5 8 1
25 5 1
5 25 1
26 5 1
5 26 1
29 5 1
5 29 1
37 5 1
5 37 1
25 7 1
7 25 1
8 9 1
9 8 1
8 13 1
13 8 1
8 14 1
14 8 1
8 21 1
21 8 1
8 24 1
24 8 1
8 25 1
25 8 1
8 26 1
26 8 1
8 28 1
28 8 1
8 31 1
31 8 1
8 34 1
34 8 1
8 35 1
35 8 1
8 37 1
37 8 1
8 40 1
40 8 1
9 13 1
13 9 1
9 14 1
14 9 1
9 21 1
21 9 1
24 9 1
9 24 1
9 25 1
25 9 1
9 26 1
26 9 1
9 28 1
28 9 1
9 29 1
29 9 1
9 31 1
31 9 1
9 34 1
34 9 1
9 35 1
35 9 1
9 36 1
36 9 1
9 37 1
37 9 1
9 38 1
38 9 1
40 9 1
9 40 1
10 14 1
14 10 1
10 29 1
29 10 1
10 36 1
36 10 1
10 37 1
37 10 1
25 12 1
12 25 1
25 14 1
14 25 1
26 14 1
14 26 1
14 31 1
31 14 1
37 14 1
14 37 1
17 25 1
25 17 1
17 26 1
26 17 1
25 26 1
26 25 1
25 31 1
31 25 1
25 37 1
37 25 1
26 29 1
29 26 1
26 31 1
31 26 1
26 37 1
37 26 1
36 31 1
31 36 1
37 31 1
31 37 1
33 38 1
38 33 1
-1 -1 -1
