40  70
1 2 1
2 1 1
2 15 1
15 2 1
33 2 1
2 33 1
3 39 1
39 3 1
26 5 1
5 26 1
27 5 1
5 27 1
11 13 1
13 11 1
17 11 1
11 17 1
19 11 1
11 19 1
11 22 1
22 11 1
27 11 1
11 27 1
11 38 1
38 11 1
40 11 1
11 40 1
17 13 1
13 17 1
27 13 1
13 27 1
33 13 1
13 33 1
17 22 1
22 17 1
17 25 1
25 17 1
17 27 1
27 17 1
17 29 1
29 17 1
17 33 1
33 17 1
17 37 1
37 17 1
17 38 1
38 17 1
40 17 1
17 40 1
27 22 1
22 27 1
33 22 1
22 33 1
24 27 1
27 24 1
25 27 1
27 25 1
25 33 1
33 25 1
33 27 1
27 33 1
27 37 1
37 27 1
40 27 1
27 40 1
33 29 1
29 33 1
33 38 1
38 33 1
40 33 1
33 40 1
-1 -1 -1
