30  62
1 3 1
3 1 1
1 5 1
5 1 1
1 6 1
6 1 1
1 11 1
11 1 1
16 1 1
1 16 1
1 18 1
18 1 1
1 21 1
21 1 1
1 22 1
22 1 1
1 23 1
23 1 1
1 27 1
27 1 1
26 3 1
3 26 1
4 23 1
23 4 1
25 5 1
5 25 1
27 5 1
5 27 1
26 6 1
6 26 1
10 13 1
13 10 1
11 22 1
22 11 1
11 23 1
23 11 1
26 11 1
11 26 1
12 22 1
22 12 1
26 14 1
14 26 1
16 26 1
26 16 1
18 23 1
23 18 1
18 26 1
26 18 1
26 21 1
21 26 1
22 23 1
23 22 1
26 22 1
22 26 1
26 23 1
23 26 1
27 23 1
23 27 1
25 26 1
26 25 1
26 27 1
27 26 1
-1 -1 -1
