70  362
1 10 1
10 1 1
1 18 1
18 1 1
1 43 1
43 1 1
1 49 1
49 1 1
1 53 1
53 1 1
3 22 1
22 3 1
19 5 1
5 19 1
5 22 1
22 5 1
5 46 1
46 5 1
8 7 1
7 8 1
9 7 1
7 9 1
18 7 1
7 18 1
19 7 1
7 19 1
22 7 1
7 22 1
27 7 1
7 27 1
31 7 1
7 31 1
34 7 1
7 34 1
35 7 1
7 35 1
43 7 1
7 43 1
46 7 1
7 46 1
53 7 1
7 53 1
58 7 1
7 58 1
8 9 1
9 8 1
8 13 1
13 8 1
8 19 1
19 8 1
8 26 1
26 8 1
8 33 1
33 8 1
8 36 1
36 8 1
8 40 1
40 8 1
8 43 1
43 8 1
8 51 1
51 8 1
8 54 1
54 8 1
8 56 1
56 8 1
8 58 1
58 8 1
8 62 1
62 8 1
8 64 1
64 8 1
8 67 1
67 8 1
8 70 1
70 8 1
9 19 1
19 9 1
9 31 1
31 9 1
9 34 1
34 9 1
9 43 1
43 9 1
9 46 1
46 9 1
9 49 1
49 9 1
9 51 1
51 9 1
9 53 1
53 9 1
9 54 1
54 9 1
9 58 1
58 9 1
10 19 1
19 10 1
10 22 1
22 10 1
10 46 1
46 10 1
34 12 1
12 34 1
58 12 1
12 58 1
34 13 1
13 34 1
58 13 1
13 58 1
34 14 1
14 34 1
58 14 1
14 58 1
34 15 1
15 34 1
16 31 1
31 16 1
16 34 1
34 16 1
16 58 1
58 16 1
17 31 1
31 17 1
17 34 1
34 17 1
17 58 1
58 17 1
18 19 1
19 18 1
18 34 1
34 18 1
18 46 1
46 18 1
19 22 1
22 19 1
27 19 1
19 27 1
34 19 1
19 34 1
43 19 1
19 43 1
19 46 1
46 19 1
49 19 1
19 49 1
51 19 1
19 51 1
19 55 1
55 19 1
58 19 1
19 58 1
66 19 1
19 66 1
19 68 1
68 19 1
25 20 1
20 25 1
24 22 1
22 24 1
27 22 1
22 27 1
22 31 1
31 22 1
34 22 1
22 34 1
35 22 1
22 35 1
42 22 1
22 42 1
43 22 1
22 43 1
46 22 1
22 46 1
49 22 1
22 49 1
51 22 1
22 51 1
53 22 1
22 53 1
58 22 1
22 58 1
66 22 1
22 66 1
68 22 1
22 68 1
34 23 1
23 34 1
68 23 1
23 68 1
24 35 1
35 24 1
25 29 1
29 25 1
25 34 1
34 25 1
25 58 1
58 25 1
26 31 1
31 26 1
26 34 1
34 26 1
26 58 1
58 26 1
40 27 1
27 40 1
29 31 1
31 29 1
34 29 1
29 34 1
58 29 1
29 58 1
65 29 1
29 65 1
34 30 1
30 34 1
58 30 1
30 58 1
36 31 1
31 36 1
46 31 1
31 46 1
52 31 1
31 52 1
65 31 1
31 65 1
32 34 1
34 32 1
33 34 1
34 33 1
33 58 1
58 33 1
33 68 1
68 33 1
34 35 1
35 34 1
34 36 1
36 34 1
40 34 1
34 40 1
41 34 1
34 41 1
34 43 1
43 34 1
34 45 1
45 34 1
34 46 1
46 34 1
34 47 1
47 34 1
49 34 1
34 49 1
34 51 1
51 34 1
34 52 1
52 34 1
34 53 1
53 34 1
34 54 1
54 34 1
34 58 1
58 34 1
34 59 1
59 34 1
34 61 1
61 34 1
34 62 1
62 34 1
64 34 1
34 64 1
65 34 1
34 65 1
34 66 1
66 34 1
34 69 1
69 34 1
34 70 1
70 34 1
35 46 1
46 35 1
49 35 1
35 49 1
58 35 1
35 58 1
66 35 1
35 66 1
58 36 1
36 58 1
40 58 1
58 40 1
40 68 1
68 40 1
41 58 1
58 41 1
41 68 1
68 41 1
43 46 1
46 43 1
49 43 1
43 49 1
51 43 1
43 51 1
43 53 1
53 43 1
58 43 1
43 58 1
66 43 1
43 66 1
58 45 1
45 58 1
49 46 1
46 49 1
51 46 1
46 51 1
53 46 1
46 53 1
58 46 1
46 58 1
66 46 1
46 66 1
68 46 1
46 68 1
58 47 1
47 58 1
48 58 1
58 48 1
49 51 1
51 49 1
49 66 1
66 49 1
51 53 1
53 51 1
58 51 1
51 58 1
66 51 1
51 66 1
67 51 1
51 67 1
58 52 1
52 58 1
58 53 1
53 58 1
66 53 1
53 66 1
56 58 1
58 56 1
58 61 1
61 58 1
58 62 1
62 58 1
64 58 1
58 64 1
65 58 1
58 65 1
58 66 1
66 58 1
58 69 1
69 58 1
58 70 1
70 58 1
64 65 1
65 64 1
-1 -1 -1
