70  246
2 5 1
5 2 1
2 10 1
10 2 1
2 13 1
13 2 1
8 3 1
3 8 1
10 3 1
3 10 1
3 13 1
13 3 1
3 14 1
14 3 1
26 3 1
3 26 1
32 3 1
3 32 1
3 46 1
46 3 1
48 3 1
3 48 1
50 3 1
3 50 1
67 3 1
3 67 1
16 4 1
4 16 1
4 70 1
70 4 1
16 5 1
5 16 1
5 46 1
46 5 1
60 5 1
5 60 1
5 62 1
62 5 1
8 51 1
51 8 1
9 10 1
10 9 1
9 13 1
13 9 1
9 14 1
14 9 1
9 18 1
18 9 1
9 19 1
19 9 1
9 22 1
22 9 1
9 26 1
26 9 1
32 9 1
9 32 1
9 35 1
35 9 1
9 39 1
39 9 1
9 46 1
46 9 1
9 49 1
49 9 1
9 50 1
50 9 1
56 9 1
9 56 1
9 58 1
58 9 1
9 61 1
61 9 1
16 10 1
10 16 1
10 45 1
45 10 1
10 46 1
46 10 1
49 10 1
10 49 1
10 51 1
51 10 1
10 52 1
52 10 1
10 60 1
60 10 1
10 62 1
62 10 1
12 13 1
13 12 1
13 14 1
14 13 1
13 15 1
15 13 1
16 13 1
13 16 1
19 13 1
13 19 1
28 13 1
13 28 1
13 30 1
30 13 1
33 13 1
13 33 1
36 13 1
13 36 1
41 13 1
13 41 1
42 13 1
13 42 1
51 13 1
13 51 1
13 54 1
54 13 1
56 13 1
13 56 1
59 13 1
13 59 1
13 70 1
70 13 1
19 14 1
14 19 1
14 39 1
39 14 1
46 14 1
14 46 1
49 14 1
14 49 1
56 14 1
14 56 1
67 14 1
14 67 1
16 30 1
30 16 1
16 34 1
34 16 1
16 36 1
36 16 1
16 37 1
37 16 1
16 58 1
58 16 1
16 59 1
59 16 1
16 61 1
61 16 1
18 46 1
46 18 1
49 18 1
18 49 1
25 19 1
19 25 1
19 39 1
39 19 1
19 46 1
46 19 1
48 19 1
19 48 1
49 19 1
19 49 1
19 55 1
55 19 1
56 19 1
19 56 1
67 19 1
19 67 1
46 22 1
22 46 1
25 26 1
26 25 1
25 27 1
27 25 1
25 39 1
39 25 1
25 50 1
50 25 1
56 25 1
25 56 1
25 61 1
61 25 1
25 67 1
67 25 1
26 46 1
46 26 1
35 27 1
27 35 1
49 27 1
27 49 1
36 30 1
30 36 1
59 30 1
30 59 1
70 30 1
30 70 1
32 46 1
46 32 1
34 36 1
36 34 1
34 59 1
59 34 1
59 36 1
36 59 1
36 70 1
70 36 1
46 39 1
39 46 1
49 39 1
39 49 1
55 39 1
39 55 1
56 39 1
39 56 1
49 46 1
46 49 1
46 55 1
55 46 1
56 46 1
46 56 1
58 46 1
46 58 1
61 46 1
46 61 1
67 46 1
46 67 1
49 61 1
61 49 1
50 51 1
51 50 1
50 60 1
60 50 1
50 62 1
62 50 1
58 51 1
51 58 1
51 61 1
61 51 1
56 55 1
55 56 1
56 67 1
67 56 1
58 60 1
60 58 1
60 61 1
61 60 1
61 62 1
62 61 1
-1 -1 -1
