50  82
17 2 1
2 17 1
2 18 1
18 2 1
2 23 1
23 2 1
2 37 1
37 2 1
2 39 1
39 2 1
2 44 1
44 2 1
17 3 1
3 17 1
3 39 1
39 3 1
3 44 1
44 3 1
17 7 1
7 17 1
39 7 1
7 39 1
9 23 1
23 9 1
17 18 1
18 17 1
17 23 1
23 17 1
17 39 1
39 17 1
17 44 1
44 17 1
18 23 1
23 18 1
18 29 1
29 18 1
33 18 1
18 33 1
18 35 1
35 18 1
18 39 1
39 18 1
18 44 1
44 18 1
48 19 1
19 48 1
21 46 1
46 21 1
22 23 1
23 22 1
24 23 1
23 24 1
26 23 1
23 26 1
27 23 1
23 27 1
37 23 1
23 37 1
44 23 1
23 44 1
46 23 1
23 46 1
47 23 1
23 47 1
48 23 1
23 48 1
49 23 1
23 49 1
25 27 1
27 25 1
26 27 1
27 26 1
26 47 1
47 26 1
27 47 1
47 27 1
32 39 1
39 32 1
32 44 1
44 32 1
32 46 1
46 32 1
-1 -1 -1
