70  432
1 2 1
2 1 1
1 3 1
3 1 1
1 4 1
4 1 1
24 1 1
1 24 1
1 25 1
25 1 1
32 1 1
1 32 1
1 34 1
34 1 1
1 53 1
53 1 1
65 1 1
1 65 1
1 69 1
69 1 1
1 70 1
70 1 1
2 3 1
3 2 1
2 4 1
4 2 1
8 2 1
2 8 1
2 12 1
12 2 1
2 14 1
14 2 1
16 2 1
2 16 1
2 19 1
19 2 1
2 23 1
23 2 1
25 2 1
2 25 1
2 31 1
31 2 1
32 2 1
2 32 1
2 34 1
34 2 1
2 39 1
39 2 1
41 2 1
2 41 1
2 42 1
42 2 1
2 45 1
45 2 1
2 46 1
46 2 1
49 2 1
2 49 1
2 53 1
53 2 1
2 55 1
55 2 1
2 59 1
59 2 1
2 61 1
61 2 1
65 2 1
2 65 1
2 66 1
66 2 1
2 68 1
68 2 1
2 69 1
69 2 1
2 70 1
70 2 1
3 4 1
4 3 1
8 3 1
3 8 1
3 12 1
12 3 1
16 3 1
3 16 1
19 3 1
3 19 1
3 20 1
20 3 1
3 23 1
23 3 1
24 3 1
3 24 1
25 3 1
3 25 1
3 31 1
31 3 1
3 39 1
39 3 1
41 3 1
3 41 1
42 3 1
3 42 1
3 45 1
45 3 1
3 46 1
46 3 1
49 3 1
3 49 1
3 55 1
55 3 1
3 60 1
60 3 1
3 61 1
61 3 1
3 62 1
62 3 1
3 63 1
63 3 1
65 3 1
3 65 1
66 3 1
3 66 1
3 68 1
68 3 1
3 69 1
69 3 1
3 70 1
70 3 1
8 4 1
4 8 1
4 12 1
12 4 1
4 13 1
13 4 1
16 4 1
4 16 1
18 4 1
4 18 1
19 4 1
4 19 1
4 23 1
23 4 1
24 4 1
4 24 1
25 4 1
4 25 1
34 4 1
4 34 1
4 39 1
39 4 1
41 4 1
4 41 1
42 4 1
4 42 1
4 45 1
45 4 1
4 46 1
46 4 1
49 4 1
4 49 1
4 53 1
53 4 1
4 55 1
55 4 1
4 60 1
60 4 1
4 61 1
61 4 1
65 4 1
4 65 1
66 4 1
4 66 1
4 68 1
68 4 1
4 69 1
69 4 1
4 70 1
70 4 1
8 11 1
11 8 1
8 17 1
17 8 1
8 18 1
18 8 1
8 23 1
23 8 1
8 24 1
24 8 1
8 26 1
26 8 1
8 30 1
30 8 1
8 31 1
31 8 1
8 35 1
35 8 1
8 45 1
45 8 1
8 46 1
46 8 1
8 50 1
50 8 1
8 51 1
51 8 1
8 53 1
53 8 1
8 66 1
66 8 1
24 10 1
10 24 1
10 53 1
53 10 1
19 11 1
11 19 1
66 11 1
11 66 1
19 12 1
12 19 1
12 23 1
23 12 1
12 31 1
31 12 1
12 45 1
45 12 1
12 53 1
53 12 1
12 60 1
60 12 1
12 61 1
61 12 1
12 62 1
62 12 1
66 12 1
12 66 1
46 14 1
14 46 1
16 24 1
24 16 1
16 25 1
25 16 1
16 46 1
46 16 1
16 53 1
53 16 1
16 70 1
70 16 1
17 19 1
19 17 1
17 66 1
66 17 1
18 19 1
19 18 1
18 23 1
23 18 1
24 18 1
18 24 1
18 31 1
31 18 1
18 46 1
46 18 1
18 53 1
53 18 1
24 19 1
19 24 1
27 19 1
19 27 1
19 31 1
31 19 1
19 38 1
38 19 1
19 45 1
45 19 1
48 19 1
19 48 1
50 19 1
19 50 1
19 53 1
53 19 1
57 19 1
19 57 1
19 60 1
60 19 1
19 61 1
61 19 1
66 19 1
19 66 1
24 20 1
20 24 1
20 46 1
46 20 1
20 53 1
53 20 1
24 21 1
21 24 1
45 23 1
23 45 1
53 23 1
23 53 1
61 23 1
23 61 1
66 23 1
23 66 1
24 31 1
31 24 1
24 34 1
34 24 1
24 39 1
39 24 1
24 41 1
41 24 1
24 42 1
42 24 1
24 45 1
45 24 1
24 49 1
49 24 1
24 55 1
55 24 1
24 56 1
56 24 1
24 62 1
62 24 1
24 65 1
65 24 1
24 66 1
66 24 1
24 68 1
68 24 1
24 69 1
69 24 1
24 70 1
70 24 1
25 46 1
46 25 1
25 53 1
53 25 1
65 25 1
25 65 1
25 69 1
69 25 1
25 70 1
70 25 1
26 27 1
27 26 1
26 66 1
66 26 1
66 27 1
27 66 1
45 31 1
31 45 1
46 31 1
31 46 1
61 31 1
31 61 1
62 31 1
31 62 1
66 31 1
31 66 1
32 34 1
34 32 1
32 65 1
65 32 1
32 70 1
70 32 1
34 46 1
46 34 1
34 69 1
69 34 1
34 70 1
70 34 1
66 35 1
35 66 1
42 38 1
38 42 1
66 38 1
38 66 1
46 39 1
39 46 1
41 46 1
46 41 1
42 46 1
46 42 1
48 42 1
42 48 1
60 45 1
45 60 1
66 45 1
45 66 1
49 46 1
46 49 1
53 46 1
46 53 1
60 46 1
46 60 1
61 46 1
46 61 1
65 46 1
46 65 1
66 46 1
46 66 1
69 46 1
46 69 1
70 46 1
46 70 1
49 53 1
53 49 1
66 51 1
51 66 1
61 53 1
53 61 1
66 53 1
53 66 1
69 53 1
53 69 1
53 70 1
70 53 1
57 66 1
66 57 1
66 60 1
60 66 1
66 61 1
61 66 1
66 62 1
62 66 1
64 66 1
66 64 1
65 69 1
69 65 1
65 70 1
70 65 1
69 70 1
70 69 1
-1 -1 -1
