60  274
1 10 1
10 1 1
1 25 1
25 1 1
1 26 1
26 1 1
1 28 1
28 1 1
1 31 1
31 1 1
1 42 1
42 1 1
1 43 1
43 1 1
1 58 1
58 1 1
16 4 1
4 16 1
57 4 1
4 57 1
16 5 1
5 16 1
42 5 1
5 42 1
58 5 1
5 58 1
42 7 1
7 42 1
58 7 1
7 58 1
10 11 1
11 10 1
10 12 1
12 10 1
10 21 1
21 10 1
25 10 1
10 25 1
10 28 1
28 10 1
10 29 1
29 10 1
10 43 1
43 10 1
11 21 1
21 11 1
25 11 1
11 25 1
11 31 1
31 11 1
58 11 1
11 58 1
16 12 1
12 16 1
18 12 1
12 18 1
12 21 1
21 12 1
25 12 1
12 25 1
12 28 1
28 12 1
40 12 1
12 40 1
12 55 1
55 12 1
58 12 1
12 58 1
16 13 1
13 16 1
27 13 1
13 27 1
33 13 1
13 33 1
42 13 1
13 42 1
45 13 1
13 45 1
48 13 1
13 48 1
57 13 1
13 57 1
58 13 1
13 58 1
42 14 1
14 42 1
58 14 1
14 58 1
42 15 1
15 42 1
58 15 1
15 58 1
16 19 1
19 16 1
16 20 1
20 16 1
16 21 1
21 16 1
16 26 1
26 16 1
16 31 1
31 16 1
16 50 1
50 16 1
16 55 1
55 16 1
16 58 1
58 16 1
17 42 1
42 17 1
17 58 1
58 17 1
18 21 1
21 18 1
25 18 1
18 25 1
18 26 1
26 18 1
18 31 1
31 18 1
18 43 1
43 18 1
18 51 1
51 18 1
18 55 1
55 18 1
18 58 1
58 18 1
42 19 1
19 42 1
58 19 1
19 58 1
25 21 1
21 25 1
28 21 1
21 28 1
21 31 1
31 21 1
42 21 1
21 42 1
43 21 1
21 43 1
58 21 1
21 58 1
42 22 1
22 42 1
58 22 1
22 58 1
58 23 1
23 58 1
25 26 1
26 25 1
25 28 1
28 25 1
25 29 1
29 25 1
25 31 1
31 25 1
25 42 1
42 25 1
25 43 1
43 25 1
25 51 1
51 25 1
25 58 1
58 25 1
26 28 1
28 26 1
26 29 1
29 26 1
26 31 1
31 26 1
26 42 1
42 26 1
26 43 1
43 26 1
26 51 1
51 26 1
26 55 1
55 26 1
26 58 1
58 26 1
42 27 1
27 42 1
58 27 1
27 58 1
28 29 1
29 28 1
28 31 1
31 28 1
43 28 1
28 43 1
42 29 1
29 42 1
43 29 1
29 43 1
29 55 1
55 29 1
42 30 1
30 42 1
58 30 1
30 58 1
42 31 1
31 42 1
43 31 1
31 43 1
58 31 1
31 58 1
34 42 1
42 34 1
34 58 1
58 34 1
42 36 1
36 42 1
36 54 1
54 36 1
57 36 1
36 57 1
58 36 1
36 58 1
59 36 1
36 59 1
42 37 1
37 42 1
58 37 1
37 58 1
42 43 1
43 42 1
42 44 1
44 42 1
42 46 1
46 42 1
42 50 1
50 42 1
42 51 1
51 42 1
42 53 1
53 42 1
42 55 1
55 42 1
56 42 1
42 56 1
57 42 1
42 57 1
42 58 1
58 42 1
51 43 1
43 51 1
43 55 1
55 43 1
58 43 1
43 58 1
58 44 1
44 58 1
48 45 1
45 48 1
58 46 1
46 58 1
50 58 1
58 50 1
51 55 1
55 51 1
58 51 1
51 58 1
58 53 1
53 58 1
58 55 1
55 58 1
56 58 1
58 56 1
57 58 1
58 57 1
57 59 1
59 57 1
-1 -1 -1
