70  350
1 25 1
25 1 1
1 59 1
59 1 1
1 60 1
60 1 1
1 69 1
69 1 1
2 6 1
6 2 1
2 27 1
27 2 1
2 34 1
34 2 1
2 38 1
38 2 1
48 2 1
2 48 1
2 61 1
61 2 1
2 62 1
62 2 1
64 2 1
2 64 1
25 3 1
3 25 1
33 3 1
3 33 1
42 3 1
3 42 1
49 3 1
3 49 1
3 54 1
54 3 1
3 60 1
60 3 1
3 63 1
63 3 1
24 5 1
5 24 1
34 5 1
5 34 1
5 38 1
38 5 1
43 5 1
5 43 1
59 5 1
5 59 1
5 62 1
62 5 1
69 5 1
5 69 1
44 6 1
6 44 1
59 7 1
7 59 1
8 20 1
20 8 1
8 24 1
24 8 1
8 27 1
27 8 1
8 36 1
36 8 1
8 38 1
38 8 1
8 43 1
43 8 1
8 44 1
44 8 1
8 48 1
48 8 1
8 49 1
49 8 1
8 52 1
52 8 1
8 59 1
59 8 1
8 60 1
60 8 1
8 63 1
63 8 1
8 65 1
65 8 1
8 70 1
70 8 1
10 34 1
34 10 1
65 10 1
10 65 1
11 12 1
12 11 1
26 11 1
11 26 1
34 11 1
11 34 1
11 38 1
38 11 1
48 11 1
11 48 1
11 61 1
61 11 1
64 11 1
11 64 1
27 14 1
14 27 1
34 15 1
15 34 1
38 15 1
15 38 1
62 15 1
15 62 1
66 15 1
15 66 1
69 15 1
15 69 1
16 25 1
25 16 1
16 34 1
34 16 1
16 38 1
38 16 1
16 43 1
43 16 1
16 59 1
59 16 1
16 60 1
60 16 1
16 62 1
62 16 1
43 20 1
20 43 1
20 60 1
60 20 1
24 34 1
34 24 1
24 38 1
38 24 1
24 43 1
43 24 1
24 59 1
59 24 1
24 60 1
60 24 1
24 62 1
62 24 1
24 63 1
63 24 1
24 66 1
66 24 1
24 69 1
69 24 1
25 34 1
34 25 1
25 38 1
38 25 1
25 59 1
59 25 1
25 60 1
60 25 1
25 62 1
62 25 1
25 63 1
63 25 1
25 69 1
69 25 1
34 27 1
27 34 1
27 38 1
38 27 1
48 27 1
27 48 1
27 62 1
62 27 1
64 27 1
27 64 1
27 69 1
69 27 1
63 31 1
31 63 1
33 62 1
62 33 1
34 36 1
36 34 1
34 38 1
38 34 1
34 42 1
42 34 1
34 43 1
43 34 1
34 44 1
44 34 1
49 34 1
34 49 1
34 50 1
50 34 1
34 52 1
52 34 1
34 54 1
54 34 1
57 34 1
34 57 1
34 59 1
59 34 1
34 60 1
60 34 1
34 61 1
61 34 1
34 62 1
62 34 1
64 34 1
34 64 1
65 34 1
34 65 1
34 67 1
67 34 1
34 68 1
68 34 1
34 69 1
69 34 1
34 70 1
70 34 1
36 38 1
38 36 1
36 62 1
62 36 1
36 69 1
69 36 1
42 38 1
38 42 1
43 38 1
38 43 1
48 38 1
38 48 1
49 38 1
38 49 1
52 38 1
38 52 1
54 38 1
38 54 1
57 38 1
38 57 1
59 38 1
38 59 1
60 38 1
38 60 1
61 38 1
38 61 1
62 38 1
38 62 1
64 38 1
38 64 1
65 38 1
38 65 1
67 38 1
38 67 1
68 38 1
38 68 1
69 38 1
38 69 1
70 38 1
38 70 1
54 39 1
39 54 1
42 62 1
62 42 1
42 69 1
69 42 1
58 43 1
43 58 1
59 43 1
43 59 1
43 60 1
60 43 1
43 62 1
62 43 1
43 63 1
63 43 1
43 69 1
69 43 1
44 62 1
62 44 1
44 69 1
69 44 1
62 46 1
46 62 1
48 61 1
61 48 1
48 62 1
62 48 1
48 64 1
64 48 1
48 69 1
69 48 1
49 62 1
62 49 1
49 69 1
69 49 1
50 69 1
69 50 1
52 62 1
62 52 1
52 69 1
69 52 1
66 54 1
54 66 1
69 54 1
54 69 1
59 60 1
60 59 1
59 62 1
62 59 1
59 69 1
69 59 1
60 62 1
62 60 1
60 63 1
63 60 1
61 62 1
62 61 1
64 61 1
61 64 1
69 61 1
61 69 1
62 63 1
63 62 1
64 62 1
62 64 1
65 62 1
62 65 1
67 62 1
62 67 1
68 62 1
62 68 1
69 62 1
62 69 1
70 62 1
62 70 1
66 63 1
63 66 1
64 69 1
69 64 1
65 69 1
69 65 1
66 69 1
69 66 1
68 69 1
69 68 1
69 70 1
70 69 1
-1 -1 -1
