40  104
2 3 1
3 2 1
2 10 1
10 2 1
2 14 1
14 2 1
2 22 1
22 2 1
2 23 1
23 2 1
3 6 1
6 3 1
11 3 1
3 11 1
3 14 1
14 3 1
3 23 1
23 3 1
24 3 1
3 24 1
3 29 1
29 3 1
3 30 1
30 3 1
32 3 1
3 32 1
33 3 1
3 33 1
4 14 1
14 4 1
4 23 1
23 4 1
6 14 1
14 6 1
6 23 1
23 6 1
10 13 1
13 10 1
10 22 1
22 10 1
10 23 1
23 10 1
10 28 1
28 10 1
11 14 1
14 11 1
11 23 1
23 11 1
12 21 1
21 12 1
12 22 1
22 12 1
32 12 1
12 32 1
33 12 1
12 33 1
17 14 1
14 17 1
14 22 1
22 14 1
14 23 1
23 14 1
24 14 1
14 24 1
28 14 1
14 28 1
29 14 1
14 29 1
14 30 1
30 14 1
32 14 1
14 32 1
33 14 1
14 33 1
34 14 1
14 34 1
28 15 1
15 28 1
16 29 1
29 16 1
16 32 1
32 16 1
17 23 1
23 17 1
17 33 1
33 17 1
19 29 1
29 19 1
32 19 1
19 32 1
21 23 1
23 21 1
22 23 1
23 22 1
24 23 1
23 24 1
29 23 1
23 29 1
30 23 1
23 30 1
32 23 1
23 32 1
33 23 1
23 33 1
-1 -1 -1
