50  94
1 29 1
29 1 1
11 5 1
5 11 1
17 7 1
7 17 1
19 7 1
7 19 1
20 7 1
7 20 1
33 7 1
7 33 1
44 7 1
7 44 1
46 7 1
7 46 1
9 19 1
19 9 1
19 11 1
11 19 1
11 28 1
28 11 1
19 15 1
15 19 1
16 19 1
19 16 1
16 26 1
26 16 1
16 29 1
29 16 1
17 19 1
19 17 1
17 20 1
20 17 1
17 33 1
33 17 1
17 44 1
44 17 1
17 45 1
45 17 1
17 46 1
46 17 1
19 20 1
20 19 1
19 23 1
23 19 1
26 19 1
19 26 1
19 29 1
29 19 1
19 31 1
31 19 1
32 19 1
19 32 1
41 19 1
19 41 1
19 44 1
44 19 1
19 45 1
45 19 1
19 47 1
47 19 1
48 19 1
19 48 1
49 19 1
19 49 1
20 44 1
44 20 1
20 45 1
45 20 1
20 46 1
46 20 1
29 22 1
22 29 1
28 23 1
23 28 1
24 44 1
44 24 1
26 29 1
29 26 1
26 38 1
38 26 1
28 36 1
36 28 1
28 44 1
44 28 1
49 28 1
28 49 1
40 44 1
44 40 1
44 45 1
45 44 1
44 46 1
46 44 1
-1 -1 -1
