50  70
4 5 1
5 4 1
16 4 1
4 16 1
26 4 1
4 26 1
48 4 1
4 48 1
48 5 1
5 48 1
50 5 1
5 50 1
16 9 1
9 16 1
9 23 1
23 9 1
16 10 1
10 16 1
10 23 1
23 10 1
10 34 1
34 10 1
10 45 1
45 10 1
16 13 1
13 16 1
13 23 1
23 13 1
33 13 1
13 33 1
16 20 1
20 16 1
16 23 1
23 16 1
16 26 1
26 16 1
16 29 1
29 16 1
16 34 1
34 16 1
16 37 1
37 16 1
16 38 1
38 16 1
16 50 1
50 16 1
20 23 1
23 20 1
33 20 1
20 33 1
25 23 1
23 25 1
26 23 1
23 26 1
29 23 1
23 29 1
34 23 1
23 34 1
37 23 1
23 37 1
46 23 1
23 46 1
50 23 1
23 50 1
25 33 1
33 25 1
26 50 1
50 26 1
48 50 1
50 48 1
-1 -1 -1
