40  126
1 39 1
39 1 1
16 4 1
4 16 1
4 30 1
30 4 1
5 14 1
14 5 1
20 5 1
5 20 1
35 5 1
5 35 1
40 5 1
5 40 1
6 14 1
14 6 1
20 6 1
6 20 1
38 6 1
6 38 1
6 39 1
39 6 1
40 6 1
6 40 1
39 7 1
7 39 1
40 7 1
7 40 1
10 39 1
39 10 1
11 20 1
20 11 1
11 38 1
38 11 1
11 39 1
39 11 1
13 14 1
14 13 1
18 13 1
13 18 1
36 13 1
13 36 1
16 14 1
14 16 1
20 14 1
14 20 1
21 14 1
14 21 1
14 22 1
22 14 1
14 31 1
31 14 1
32 14 1
14 32 1
34 14 1
14 34 1
36 14 1
14 36 1
37 14 1
14 37 1
38 14 1
14 38 1
14 39 1
39 14 1
39 15 1
15 39 1
16 21 1
21 16 1
16 31 1
31 16 1
16 34 1
34 16 1
16 37 1
37 16 1
16 38 1
38 16 1
16 39 1
39 16 1
16 40 1
40 16 1
20 36 1
36 20 1
20 38 1
38 20 1
20 39 1
39 20 1
35 21 1
21 35 1
35 22 1
22 35 1
36 22 1
22 36 1
24 35 1
35 24 1
24 36 1
36 24 1
29 39 1
39 29 1
30 31 1
31 30 1
40 30 1
30 40 1
35 31 1
31 35 1
36 31 1
31 36 1
32 35 1
35 32 1
32 36 1
36 32 1
34 35 1
35 34 1
34 36 1
36 34 1
35 37 1
37 35 1
35 39 1
39 35 1
40 36 1
36 40 1
38 39 1
39 38 1
40 38 1
38 40 1
40 39 1
39 40 1
-1 -1 -1
