50  200
1 6 1
6 1 1
8 1 1
1 8 1
1 28 1
28 1 1
1 35 1
35 1 1
1 37 1
37 1 1
1 38 1
38 1 1
1 39 1
39 1 1
1 44 1
44 1 1
1 45 1
45 1 1
2 37 1
37 2 1
48 2 1
2 48 1
3 37 1
37 3 1
4 12 1
12 4 1
4 22 1
22 4 1
26 4 1
4 26 1
48 4 1
4 48 1
17 5 1
5 17 1
37 5 1
5 37 1
48 5 1
5 48 1
28 6 1
6 28 1
37 6 1
6 37 1
37 7 1
7 37 1
48 7 1
7 48 1
8 34 1
34 8 1
8 48 1
48 8 1
9 12 1
12 9 1
9 37 1
37 9 1
48 9 1
9 48 1
10 22 1
22 10 1
10 37 1
37 10 1
10 47 1
47 10 1
48 10 1
10 48 1
12 15 1
15 12 1
18 12 1
12 18 1
12 28 1
28 12 1
12 36 1
36 12 1
12 37 1
37 12 1
12 39 1
39 12 1
40 12 1
12 40 1
12 47 1
47 12 1
50 12 1
12 50 1
48 15 1
15 48 1
25 18 1
18 25 1
18 38 1
38 18 1
18 39 1
39 18 1
19 37 1
37 19 1
48 19 1
19 48 1
20 37 1
37 20 1
20 39 1
39 20 1
48 20 1
20 48 1
49 20 1
20 49 1
37 21 1
21 37 1
48 21 1
21 48 1
22 47 1
47 22 1
48 22 1
22 48 1
24 37 1
37 24 1
24 48 1
48 24 1
26 37 1
37 26 1
26 47 1
47 26 1
48 26 1
26 48 1
34 28 1
28 34 1
35 28 1
28 35 1
28 39 1
39 28 1
28 44 1
44 28 1
28 45 1
45 28 1
28 46 1
46 28 1
48 28 1
28 48 1
49 28 1
28 49 1
48 33 1
33 48 1
34 37 1
37 34 1
34 39 1
39 34 1
48 34 1
34 48 1
35 37 1
37 35 1
36 37 1
37 36 1
48 36 1
36 48 1
37 39 1
39 37 1
40 37 1
37 40 1
41 37 1
37 41 1
44 37 1
37 44 1
45 37 1
37 45 1
37 46 1
46 37 1
37 47 1
47 37 1
48 37 1
37 48 1
49 37 1
37 49 1
50 37 1
37 50 1
38 39 1
39 38 1
44 38 1
38 44 1
44 39 1
39 44 1
48 39 1
39 48 1
49 39 1
39 49 1
40 48 1
48 40 1
48 41 1
41 48 1
49 42 1
42 49 1
44 45 1
45 44 1
48 44 1
44 48 1
49 44 1
44 49 1
48 45 1
45 48 1
48 47 1
47 48 1
48 49 1
49 48 1
48 50 1
50 48 1
-1 -1 -1
