70  298
9 2 1
2 9 1
32 2 1
2 32 1
19 3 1
3 19 1
64 3 1
3 64 1
8 4 1
4 8 1
9 4 1
4 9 1
4 15 1
15 4 1
19 4 1
4 19 1
24 4 1
4 24 1
25 4 1
4 25 1
35 4 1
4 35 1
50 4 1
4 50 1
4 53 1
53 4 1
64 4 1
4 64 1
65 4 1
4 65 1
4 69 1
69 4 1
19 5 1
5 19 1
64 5 1
5 64 1
9 6 1
6 9 1
61 6 1
6 61 1
9 7 1
7 9 1
11 7 1
7 11 1
22 7 1
7 22 1
27 7 1
7 27 1
40 7 1
7 40 1
43 7 1
7 43 1
48 7 1
7 48 1
51 7 1
7 51 1
61 7 1
7 61 1
8 9 1
9 8 1
8 15 1
15 8 1
8 19 1
19 8 1
8 24 1
24 8 1
8 35 1
35 8 1
8 50 1
50 8 1
8 53 1
53 8 1
8 57 1
57 8 1
8 64 1
64 8 1
8 65 1
65 8 1
8 66 1
66 8 1
8 69 1
69 8 1
9 12 1
12 9 1
9 15 1
15 9 1
9 19 1
19 9 1
9 22 1
22 9 1
24 9 1
9 24 1
9 28 1
28 9 1
9 29 1
29 9 1
9 31 1
31 9 1
9 34 1
34 9 1
9 35 1
35 9 1
9 38 1
38 9 1
9 41 1
41 9 1
9 45 1
45 9 1
9 50 1
50 9 1
9 52 1
52 9 1
9 53 1
53 9 1
9 54 1
54 9 1
9 55 1
55 9 1
56 9 1
9 56 1
9 59 1
59 9 1
9 60 1
60 9 1
9 61 1
61 9 1
64 9 1
9 64 1
65 9 1
9 65 1
9 69 1
69 9 1
41 11 1
11 41 1
19 15 1
15 19 1
24 15 1
15 24 1
50 15 1
15 50 1
53 15 1
15 53 1
64 15 1
15 64 1
65 15 1
15 65 1
66 15 1
15 66 1
69 15 1
15 69 1
17 19 1
19 17 1
17 66 1
66 17 1
18 19 1
19 18 1
64 18 1
18 64 1
19 23 1
23 19 1
24 19 1
19 24 1
34 19 1
19 34 1
19 36 1
36 19 1
19 37 1
37 19 1
43 19 1
19 43 1
50 19 1
19 50 1
51 19 1
19 51 1
19 53 1
53 19 1
58 19 1
19 58 1
64 19 1
19 64 1
65 19 1
19 65 1
66 19 1
19 66 1
41 22 1
22 41 1
61 22 1
22 61 1
64 23 1
23 64 1
66 23 1
23 66 1
24 25 1
25 24 1
24 35 1
35 24 1
24 36 1
36 24 1
24 50 1
50 24 1
24 53 1
53 24 1
24 64 1
64 24 1
24 65 1
65 24 1
24 69 1
69 24 1
25 36 1
36 25 1
25 53 1
53 25 1
65 25 1
25 65 1
25 66 1
66 25 1
41 26 1
26 41 1
26 61 1
61 26 1
43 28 1
28 43 1
65 30 1
30 65 1
32 50 1
50 32 1
32 56 1
56 32 1
32 62 1
62 32 1
32 64 1
64 32 1
64 34 1
34 64 1
35 53 1
53 35 1
57 35 1
35 57 1
66 35 1
35 66 1
50 36 1
36 50 1
36 53 1
53 36 1
65 36 1
36 65 1
66 36 1
36 66 1
36 69 1
69 36 1
66 37 1
37 66 1
41 61 1
61 41 1
41 68 1
68 41 1
43 52 1
52 43 1
43 54 1
54 43 1
56 43 1
43 56 1
64 43 1
43 64 1
66 43 1
43 66 1
51 44 1
44 51 1
50 53 1
53 50 1
64 50 1
50 64 1
65 50 1
50 65 1
50 66 1
66 50 1
51 52 1
52 51 1
51 54 1
54 51 1
56 51 1
51 56 1
64 53 1
53 64 1
65 53 1
53 65 1
66 53 1
53 66 1
57 69 1
69 57 1
58 66 1
66 58 1
64 65 1
65 64 1
65 69 1
69 65 1
66 69 1
69 66 1
-1 -1 -1
