30  130
8 1 1
1 8 1
1 9 1
9 1 1
1 15 1
15 1 1
1 20 1
20 1 1
24 1 1
1 24 1
1 28 1
28 1 1
1 30 1
30 1 1
2 4 1
4 2 1
8 2 1
2 8 1
2 15 1
15 2 1
24 2 1
2 24 1
2 27 1
27 2 1
8 3 1
3 8 1
11 3 1
3 11 1
8 4 1
4 8 1
4 15 1
15 4 1
24 4 1
4 24 1
27 4 1
4 27 1
27 5 1
5 27 1
8 9 1
9 8 1
8 15 1
15 8 1
8 17 1
17 8 1
8 20 1
20 8 1
8 23 1
23 8 1
8 24 1
24 8 1
8 26 1
26 8 1
8 28 1
28 8 1
8 30 1
30 8 1
9 15 1
15 9 1
9 17 1
17 9 1
9 18 1
18 9 1
9 20 1
20 9 1
24 9 1
9 24 1
9 26 1
26 9 1
9 27 1
27 9 1
9 28 1
28 9 1
9 30 1
30 9 1
17 11 1
11 17 1
18 11 1
11 18 1
17 12 1
12 17 1
18 13 1
13 18 1
24 14 1
14 24 1
17 15 1
15 17 1
20 15 1
15 20 1
21 15 1
15 21 1
23 15 1
15 23 1
24 15 1
15 24 1
27 15 1
15 27 1
30 15 1
15 30 1
17 20 1
20 17 1
18 20 1
20 18 1
24 18 1
18 24 1
18 28 1
28 18 1
18 30 1
30 18 1
24 20 1
20 24 1
27 20 1
20 27 1
20 30 1
30 20 1
24 21 1
21 24 1
24 23 1
23 24 1
27 23 1
23 27 1
24 26 1
26 24 1
24 28 1
28 24 1
24 30 1
30 24 1
26 27 1
27 26 1
26 30 1
30 26 1
-1 -1 -1
