70  238
1 13 1
13 1 1
1 27 1
27 1 1
2 13 1
13 2 1
2 19 1
19 2 1
2 26 1
26 2 1
2 27 1
27 2 1
56 2 1
2 56 1
2 60 1
60 2 1
2 70 1
70 2 1
3 6 1
6 3 1
3 13 1
13 3 1
19 3 1
3 19 1
26 4 1
4 26 1
32 6 1
6 32 1
64 6 1
6 64 1
66 6 1
6 66 1
8 13 1
13 8 1
8 20 1
20 8 1
8 35 1
35 8 1
8 39 1
39 8 1
10 13 1
13 10 1
10 18 1
18 10 1
10 19 1
19 10 1
10 20 1
20 10 1
10 44 1
44 10 1
10 55 1
55 10 1
10 68 1
68 10 1
11 13 1
13 11 1
24 11 1
11 24 1
27 11 1
11 27 1
56 11 1
11 56 1
13 14 1
14 13 1
16 13 1
13 16 1
18 13 1
13 18 1
20 13 1
13 20 1
25 13 1
13 25 1
26 13 1
13 26 1
28 13 1
13 28 1
13 30 1
30 13 1
35 13 1
13 35 1
41 13 1
13 41 1
42 13 1
13 42 1
44 13 1
13 44 1
49 13 1
13 49 1
56 13 1
13 56 1
58 13 1
13 58 1
60 13 1
13 60 1
61 13 1
13 61 1
13 63 1
63 13 1
64 13 1
13 64 1
68 13 1
13 68 1
69 13 1
13 69 1
56 14 1
14 56 1
16 19 1
19 16 1
16 27 1
27 16 1
17 66 1
66 17 1
18 20 1
20 18 1
18 31 1
31 18 1
18 39 1
39 18 1
18 44 1
44 18 1
18 45 1
45 18 1
18 47 1
47 18 1
18 55 1
55 18 1
18 68 1
68 18 1
19 20 1
20 19 1
25 19 1
19 25 1
27 19 1
19 27 1
19 30 1
30 19 1
34 19 1
19 34 1
19 36 1
36 19 1
19 39 1
39 19 1
41 19 1
19 41 1
42 19 1
19 42 1
19 44 1
44 19 1
49 19 1
19 49 1
19 52 1
52 19 1
19 61 1
61 19 1
66 19 1
19 66 1
19 68 1
68 19 1
35 20 1
20 35 1
20 39 1
39 20 1
20 44 1
44 20 1
20 53 1
53 20 1
20 55 1
55 20 1
56 20 1
20 56 1
20 68 1
68 20 1
24 67 1
67 24 1
26 27 1
27 26 1
26 60 1
60 26 1
26 70 1
70 26 1
27 28 1
28 27 1
27 30 1
30 27 1
34 27 1
27 34 1
27 36 1
36 27 1
49 27 1
27 49 1
27 55 1
55 27 1
27 63 1
63 27 1
64 27 1
27 64 1
27 68 1
68 27 1
27 70 1
70 27 1
34 31 1
31 34 1
60 31 1
31 60 1
68 31 1
31 68 1
32 56 1
56 32 1
56 33 1
33 56 1
35 68 1
68 35 1
56 36 1
36 56 1
44 39 1
39 44 1
55 39 1
39 55 1
68 39 1
39 68 1
56 42 1
42 56 1
44 55 1
55 44 1
44 68 1
68 44 1
56 52 1
52 56 1
53 55 1
55 53 1
68 55 1
55 68 1
56 64 1
64 56 1
56 66 1
66 56 1
56 68 1
68 56 1
-1 -1 -1
