50  178
2 5 1
5 2 1
8 2 1
2 8 1
2 13 1
13 2 1
17 2 1
2 17 1
2 35 1
35 2 1
2 42 1
42 2 1
2 43 1
43 2 1
2 46 1
46 2 1
2 47 1
47 2 1
3 13 1
13 3 1
18 3 1
3 18 1
34 3 1
3 34 1
3 46 1
46 3 1
48 3 1
3 48 1
8 5 1
5 8 1
5 14 1
14 5 1
18 5 1
5 18 1
19 5 1
5 19 1
21 5 1
5 21 1
5 23 1
23 5 1
26 5 1
5 26 1
27 5 1
5 27 1
28 5 1
5 28 1
35 5 1
5 35 1
5 38 1
38 5 1
43 5 1
5 43 1
44 5 1
5 44 1
45 5 1
5 45 1
5 46 1
46 5 1
48 5 1
5 48 1
49 5 1
5 49 1
8 19 1
19 8 1
8 25 1
25 8 1
8 35 1
35 8 1
8 41 1
41 8 1
8 42 1
42 8 1
8 43 1
43 8 1
8 46 1
46 8 1
8 47 1
47 8 1
10 18 1
18 10 1
11 13 1
13 11 1
17 13 1
13 17 1
19 13 1
13 19 1
21 13 1
13 21 1
27 13 1
13 27 1
35 13 1
13 35 1
13 46 1
46 13 1
25 14 1
14 25 1
17 46 1
46 17 1
25 18 1
18 25 1
18 35 1
35 18 1
18 39 1
39 18 1
19 21 1
21 19 1
25 19 1
19 25 1
27 19 1
19 27 1
35 19 1
19 35 1
40 19 1
19 40 1
41 19 1
19 41 1
25 21 1
21 25 1
27 21 1
21 27 1
43 21 1
21 43 1
25 23 1
23 25 1
34 23 1
23 34 1
35 23 1
23 35 1
47 23 1
23 47 1
25 27 1
27 25 1
25 28 1
28 25 1
25 34 1
34 25 1
25 43 1
43 25 1
25 45 1
45 25 1
25 46 1
46 25 1
26 35 1
35 26 1
35 27 1
27 35 1
41 27 1
27 41 1
35 28 1
28 35 1
34 35 1
35 34 1
35 38 1
38 35 1
42 35 1
35 42 1
43 35 1
35 43 1
35 44 1
44 35 1
35 45 1
45 35 1
35 46 1
46 35 1
48 35 1
35 48 1
38 47 1
47 38 1
44 39 1
39 44 1
41 46 1
46 41 1
42 43 1
43 42 1
43 46 1
46 43 1
46 47 1
47 46 1
-1 -1 -1
