40  112
1 7 1
7 1 1
8 1 1
1 8 1
1 20 1
20 1 1
1 21 1
21 1 1
24 1 1
1 24 1
1 26 1
26 1 1
1 38 1
38 1 1
10 3 1
3 10 1
3 14 1
14 3 1
3 15 1
15 3 1
16 3 1
3 16 1
18 3 1
3 18 1
33 6 1
6 33 1
8 7 1
7 8 1
24 7 1
7 24 1
29 7 1
7 29 1
33 7 1
7 33 1
38 7 1
7 38 1
8 26 1
26 8 1
9 10 1
10 9 1
9 14 1
14 9 1
9 15 1
15 9 1
16 9 1
9 16 1
9 18 1
18 9 1
9 28 1
28 9 1
9 36 1
36 9 1
10 14 1
14 10 1
10 15 1
15 10 1
16 10 1
10 16 1
10 18 1
18 10 1
10 36 1
36 10 1
10 37 1
37 10 1
12 28 1
28 12 1
12 31 1
31 12 1
14 15 1
15 14 1
16 14 1
14 16 1
37 14 1
14 37 1
16 15 1
15 16 1
37 15 1
15 37 1
16 18 1
18 16 1
16 33 1
33 16 1
16 37 1
37 16 1
17 21 1
21 17 1
24 20 1
20 24 1
21 22 1
22 21 1
25 21 1
21 25 1
26 21 1
21 26 1
21 38 1
38 21 1
21 39 1
39 21 1
39 23 1
23 39 1
24 26 1
26 24 1
24 27 1
27 24 1
26 29 1
29 26 1
26 38 1
38 26 1
27 29 1
29 27 1
36 37 1
37 36 1
-1 -1 -1
