50  76
3 22 1
22 3 1
3 23 1
23 3 1
3 31 1
31 3 1
40 3 1
3 40 1
49 3 1
3 49 1
4 31 1
31 4 1
35 4 1
4 35 1
49 4 1
4 49 1
8 12 1
12 8 1
8 20 1
20 8 1
8 31 1
31 8 1
8 35 1
35 8 1
8 42 1
42 8 1
8 49 1
49 8 1
11 31 1
31 11 1
49 11 1
11 49 1
12 20 1
20 12 1
49 12 1
12 49 1
14 31 1
31 14 1
49 14 1
14 49 1
17 20 1
20 17 1
20 31 1
31 20 1
49 20 1
20 49 1
22 31 1
31 22 1
40 22 1
22 40 1
49 22 1
22 49 1
31 23 1
23 31 1
49 23 1
23 49 1
26 29 1
29 26 1
40 29 1
29 40 1
49 29 1
29 49 1
40 31 1
31 40 1
41 31 1
31 41 1
49 31 1
31 49 1
33 49 1
49 33 1
40 49 1
49 40 1
41 49 1
49 41 1
49 43 1
43 49 1
-1 -1 -1
