40  62
24 1 1
1 24 1
32 1 1
1 32 1
40 1 1
1 40 1
3 29 1
29 3 1
26 4 1
4 26 1
29 5 1
5 29 1
24 6 1
6 24 1
32 6 1
6 32 1
29 7 1
7 29 1
9 19 1
19 9 1
9 29 1
29 9 1
10 26 1
26 10 1
10 29 1
29 10 1
10 39 1
39 10 1
29 13 1
13 29 1
29 15 1
15 29 1
27 19 1
19 27 1
34 19 1
19 34 1
19 39 1
39 19 1
24 29 1
29 24 1
24 32 1
32 24 1
25 26 1
26 25 1
26 27 1
27 26 1
26 29 1
29 26 1
26 34 1
34 26 1
26 35 1
35 26 1
32 29 1
29 32 1
29 39 1
39 29 1
40 29 1
29 40 1
32 40 1
40 32 1
34 39 1
39 34 1
-1 -1 -1
