50  104
9 25 1
25 9 1
9 39 1
39 9 1
9 45 1
45 9 1
16 11 1
11 16 1
11 38 1
38 11 1
45 14 1
14 45 1
16 22 1
22 16 1
16 25 1
25 16 1
16 26 1
26 16 1
16 30 1
30 16 1
16 33 1
33 16 1
16 38 1
38 16 1
16 39 1
39 16 1
16 41 1
41 16 1
16 42 1
42 16 1
16 45 1
45 16 1
16 47 1
47 16 1
16 49 1
49 16 1
16 50 1
50 16 1
17 30 1
30 17 1
17 38 1
38 17 1
17 45 1
45 17 1
25 22 1
22 25 1
22 30 1
30 22 1
38 22 1
22 38 1
22 39 1
39 22 1
42 22 1
22 42 1
45 22 1
22 45 1
32 25 1
25 32 1
25 38 1
38 25 1
25 39 1
39 25 1
25 42 1
42 25 1
25 45 1
45 25 1
26 38 1
38 26 1
26 45 1
45 26 1
38 30 1
30 38 1
30 39 1
39 30 1
32 38 1
38 32 1
32 45 1
45 32 1
33 38 1
38 33 1
35 39 1
39 35 1
38 39 1
39 38 1
41 38 1
38 41 1
42 38 1
38 42 1
45 38 1
38 45 1
38 47 1
47 38 1
50 38 1
38 50 1
42 39 1
39 42 1
45 39 1
39 45 1
42 45 1
45 42 1
49 45 1
45 49 1
50 45 1
45 50 1
-1 -1 -1
