60  336
1 13 1
13 1 1
24 1 1
1 24 1
1 38 1
38 1 1
1 44 1
44 1 1
48 1 1
1 48 1
56 1 1
1 56 1
1 57 1
57 1 1
2 4 1
4 2 1
2 6 1
6 2 1
2 11 1
11 2 1
2 13 1
13 2 1
2 14 1
14 2 1
2 20 1
20 2 1
2 26 1
26 2 1
2 30 1
30 2 1
2 31 1
31 2 1
2 35 1
35 2 1
2 37 1
37 2 1
2 38 1
38 2 1
2 42 1
42 2 1
2 44 1
44 2 1
48 2 1
2 48 1
2 50 1
50 2 1
2 59 1
59 2 1
3 12 1
12 3 1
3 13 1
13 3 1
3 38 1
38 3 1
3 46 1
46 3 1
48 3 1
3 48 1
3 55 1
55 3 1
57 3 1
3 57 1
58 3 1
3 58 1
10 6 1
6 10 1
11 6 1
6 11 1
13 6 1
6 13 1
27 6 1
6 27 1
35 6 1
6 35 1
38 6 1
6 38 1
48 6 1
6 48 1
56 6 1
6 56 1
57 6 1
6 57 1
59 6 1
6 59 1
13 7 1
7 13 1
24 7 1
7 24 1
48 7 1
7 48 1
9 13 1
13 9 1
24 9 1
9 24 1
9 31 1
31 9 1
9 38 1
38 9 1
48 9 1
9 48 1
11 13 1
13 11 1
26 11 1
11 26 1
27 11 1
11 27 1
11 37 1
37 11 1
11 38 1
38 11 1
42 11 1
11 42 1
48 11 1
11 48 1
56 11 1
11 56 1
57 11 1
11 57 1
59 11 1
11 59 1
12 13 1
13 12 1
27 12 1
12 27 1
43 12 1
12 43 1
12 53 1
53 12 1
12 55 1
55 12 1
58 12 1
12 58 1
19 13 1
13 19 1
25 13 1
13 25 1
26 13 1
13 26 1
27 13 1
13 27 1
35 13 1
13 35 1
13 38 1
38 13 1
13 39 1
39 13 1
42 13 1
13 42 1
43 13 1
13 43 1
13 46 1
46 13 1
13 47 1
47 13 1
48 13 1
13 48 1
52 13 1
13 52 1
53 13 1
13 53 1
13 54 1
54 13 1
13 55 1
55 13 1
58 13 1
13 58 1
59 13 1
13 59 1
19 38 1
38 19 1
19 44 1
44 19 1
48 19 1
19 48 1
56 19 1
19 56 1
21 23 1
23 21 1
21 39 1
39 21 1
43 21 1
21 43 1
21 54 1
54 21 1
24 37 1
37 24 1
24 44 1
44 24 1
24 47 1
47 24 1
24 52 1
52 24 1
24 53 1
53 24 1
24 59 1
59 24 1
26 35 1
35 26 1
26 37 1
37 26 1
26 38 1
38 26 1
48 26 1
26 48 1
56 26 1
26 56 1
26 59 1
59 26 1
35 27 1
27 35 1
27 38 1
38 27 1
42 27 1
27 42 1
48 27 1
27 48 1
59 27 1
27 59 1
39 31 1
31 39 1
43 31 1
31 43 1
54 31 1
31 54 1
32 38 1
38 32 1
35 37 1
37 35 1
35 38 1
38 35 1
42 35 1
35 42 1
35 44 1
44 35 1
48 35 1
35 48 1
57 35 1
35 57 1
59 35 1
35 59 1
36 38 1
38 36 1
36 44 1
44 36 1
48 36 1
36 48 1
37 38 1
38 37 1
37 47 1
47 37 1
48 37 1
37 48 1
56 37 1
37 56 1
57 37 1
37 57 1
59 37 1
37 59 1
38 39 1
39 38 1
42 38 1
38 42 1
43 38 1
38 43 1
44 38 1
38 44 1
46 38 1
38 46 1
48 38 1
38 48 1
52 38 1
38 52 1
53 38 1
38 53 1
54 38 1
38 54 1
38 55 1
55 38 1
58 38 1
38 58 1
48 39 1
39 48 1
56 39 1
39 56 1
40 43 1
43 40 1
40 54 1
54 40 1
42 44 1
44 42 1
48 42 1
42 48 1
57 42 1
42 57 1
48 43 1
43 48 1
57 43 1
43 57 1
44 46 1
46 44 1
44 47 1
47 44 1
44 52 1
52 44 1
44 55 1
55 44 1
57 44 1
44 57 1
58 44 1
44 58 1
59 44 1
44 59 1
48 46 1
46 48 1
46 55 1
55 46 1
58 46 1
46 58 1
48 47 1
47 48 1
48 52 1
52 48 1
48 53 1
53 48 1
48 54 1
54 48 1
48 55 1
55 48 1
48 57 1
57 48 1
48 58 1
58 48 1
48 59 1
59 48 1
56 52 1
52 56 1
-1 -1 -1
