50  104
2 19 1
19 2 1
3 23 1
23 3 1
19 4 1
4 19 1
21 5 1
5 21 1
24 6 1
6 24 1
38 6 1
6 38 1
41 6 1
6 41 1
43 6 1
6 43 1
50 6 1
6 50 1
9 12 1
12 9 1
9 13 1
13 9 1
9 19 1
19 9 1
32 9 1
9 32 1
10 19 1
19 10 1
12 13 1
13 12 1
19 12 1
12 19 1
32 12 1
12 32 1
13 23 1
23 13 1
32 13 1
13 32 1
19 15 1
15 19 1
16 19 1
19 16 1
16 27 1
27 16 1
17 19 1
19 17 1
18 38 1
38 18 1
18 44 1
44 18 1
18 50 1
50 18 1
24 19 1
19 24 1
26 19 1
19 26 1
27 19 1
19 27 1
19 29 1
29 19 1
19 30 1
30 19 1
32 19 1
19 32 1
35 19 1
19 35 1
19 38 1
38 19 1
42 19 1
19 42 1
43 19 1
19 43 1
19 46 1
46 19 1
50 19 1
19 50 1
20 44 1
44 20 1
27 21 1
21 27 1
24 33 1
33 24 1
24 34 1
34 24 1
33 38 1
38 33 1
33 41 1
41 33 1
33 43 1
43 33 1
33 50 1
50 33 1
41 34 1
34 41 1
34 43 1
43 34 1
34 50 1
50 34 1
41 39 1
39 41 1
50 39 1
39 50 1
40 50 1
50 40 1
-1 -1 -1
