50  336
1 34 1
34 1 1
40 1 1
1 40 1
1 43 1
43 1 1
1 46 1
46 1 1
2 11 1
11 2 1
2 20 1
20 2 1
33 2 1
2 33 1
9 4 1
4 9 1
4 21 1
21 4 1
4 38 1
38 4 1
9 5 1
5 9 1
10 5 1
5 10 1
11 5 1
5 11 1
12 5 1
5 12 1
13 5 1
5 13 1
16 5 1
5 16 1
18 5 1
5 18 1
20 5 1
5 20 1
21 5 1
5 21 1
26 5 1
5 26 1
27 5 1
5 27 1
5 30 1
30 5 1
33 5 1
5 33 1
34 5 1
5 34 1
36 5 1
5 36 1
37 5 1
5 37 1
5 38 1
38 5 1
40 5 1
5 40 1
43 5 1
5 43 1
44 5 1
5 44 1
45 5 1
5 45 1
48 5 1
5 48 1
50 5 1
5 50 1
40 6 1
6 40 1
46 6 1
6 46 1
18 7 1
7 18 1
8 18 1
18 8 1
9 11 1
11 9 1
9 17 1
17 9 1
9 18 1
18 9 1
9 21 1
21 9 1
9 33 1
33 9 1
9 36 1
36 9 1
9 37 1
37 9 1
9 38 1
38 9 1
9 39 1
39 9 1
40 9 1
9 40 1
9 43 1
43 9 1
48 9 1
9 48 1
11 12 1
12 11 1
11 13 1
13 11 1
16 11 1
11 16 1
18 11 1
11 18 1
11 20 1
20 11 1
11 21 1
21 11 1
11 23 1
23 11 1
26 11 1
11 26 1
27 11 1
11 27 1
11 29 1
29 11 1
11 30 1
30 11 1
33 11 1
11 33 1
34 11 1
11 34 1
11 36 1
36 11 1
11 37 1
37 11 1
11 38 1
38 11 1
40 11 1
11 40 1
11 44 1
44 11 1
11 45 1
45 11 1
48 11 1
11 48 1
17 12 1
12 17 1
18 12 1
12 18 1
12 21 1
21 12 1
33 12 1
12 33 1
40 12 1
12 40 1
43 12 1
12 43 1
12 46 1
46 12 1
17 13 1
13 17 1
20 13 1
13 20 1
21 13 1
13 21 1
33 13 1
13 33 1
40 13 1
13 40 1
43 13 1
13 43 1
21 14 1
14 21 1
16 18 1
18 16 1
16 21 1
21 16 1
16 33 1
33 16 1
16 40 1
40 16 1
16 43 1
43 16 1
17 18 1
18 17 1
17 20 1
20 17 1
17 21 1
21 17 1
17 26 1
26 17 1
17 33 1
33 17 1
17 36 1
36 17 1
17 38 1
38 17 1
17 44 1
44 17 1
48 17 1
17 48 1
18 21 1
21 18 1
33 18 1
18 33 1
18 36 1
36 18 1
18 38 1
38 18 1
40 18 1
18 40 1
18 43 1
43 18 1
18 44 1
44 18 1
48 18 1
18 48 1
18 50 1
50 18 1
33 20 1
20 33 1
34 20 1
20 34 1
20 38 1
38 20 1
21 23 1
23 21 1
26 21 1
21 26 1
27 21 1
21 27 1
21 30 1
30 21 1
33 21 1
21 33 1
34 21 1
21 34 1
37 21 1
21 37 1
21 38 1
38 21 1
21 39 1
39 21 1
40 21 1
21 40 1
44 21 1
21 44 1
45 21 1
21 45 1
48 21 1
21 48 1
49 21 1
21 49 1
50 21 1
21 50 1
24 37 1
37 24 1
33 26 1
26 33 1
40 26 1
26 40 1
26 43 1
43 26 1
26 46 1
46 26 1
43 29 1
29 43 1
40 30 1
30 40 1
32 40 1
40 32 1
32 43 1
43 32 1
33 34 1
34 33 1
33 36 1
36 33 1
33 37 1
37 33 1
33 38 1
38 33 1
40 33 1
33 40 1
33 44 1
44 33 1
33 45 1
45 33 1
48 33 1
33 48 1
40 34 1
34 40 1
34 43 1
43 34 1
34 45 1
45 34 1
36 37 1
37 36 1
36 38 1
38 36 1
43 36 1
36 43 1
48 36 1
36 48 1
37 38 1
38 37 1
40 37 1
37 40 1
48 37 1
37 48 1
38 39 1
39 38 1
40 38 1
38 40 1
43 38 1
38 43 1
38 47 1
47 38 1
48 38 1
38 48 1
40 43 1
43 40 1
40 44 1
44 40 1
40 45 1
45 40 1
40 46 1
46 40 1
40 48 1
48 40 1
40 50 1
50 40 1
43 44 1
44 43 1
43 45 1
45 43 1
48 43 1
43 48 1
50 43 1
43 50 1
44 46 1
46 44 1
48 47 1
47 48 1
-1 -1 -1
