60  278
1 2 1
2 1 1
1 3 1
3 1 1
1 29 1
29 1 1
32 1 1
1 32 1
1 33 1
33 1 1
40 1 1
1 40 1
2 3 1
3 2 1
2 6 1
6 2 1
2 7 1
7 2 1
8 2 1
2 8 1
2 10 1
10 2 1
2 11 1
11 2 1
2 12 1
12 2 1
2 18 1
18 2 1
2 22 1
22 2 1
2 23 1
23 2 1
24 2 1
2 24 1
2 27 1
27 2 1
2 28 1
28 2 1
2 29 1
29 2 1
32 2 1
2 32 1
2 36 1
36 2 1
41 2 1
2 41 1
2 42 1
42 2 1
2 50 1
50 2 1
2 51 1
51 2 1
2 53 1
53 2 1
2 59 1
59 2 1
3 6 1
6 3 1
3 7 1
7 3 1
8 3 1
3 8 1
10 3 1
3 10 1
11 3 1
3 11 1
3 12 1
12 3 1
3 13 1
13 3 1
3 22 1
22 3 1
3 23 1
23 3 1
26 3 1
3 26 1
27 3 1
3 27 1
3 28 1
28 3 1
3 29 1
29 3 1
32 3 1
3 32 1
35 3 1
3 35 1
3 36 1
36 3 1
41 3 1
3 41 1
42 3 1
3 42 1
51 3 1
3 51 1
3 53 1
53 3 1
56 3 1
3 56 1
58 3 1
3 58 1
59 3 1
3 59 1
4 7 1
7 4 1
8 5 1
5 8 1
28 5 1
5 28 1
36 5 1
5 36 1
6 7 1
7 6 1
8 6 1
6 8 1
10 6 1
6 10 1
27 6 1
6 27 1
36 6 1
6 36 1
41 6 1
6 41 1
50 6 1
6 50 1
8 7 1
7 8 1
10 7 1
7 10 1
27 7 1
7 27 1
28 7 1
7 28 1
29 7 1
7 29 1
30 7 1
7 30 1
35 7 1
7 35 1
41 7 1
7 41 1
8 10 1
10 8 1
8 13 1
13 8 1
8 15 1
15 8 1
8 27 1
27 8 1
8 28 1
28 8 1
8 29 1
29 8 1
8 30 1
30 8 1
8 33 1
33 8 1
8 35 1
35 8 1
8 39 1
39 8 1
8 45 1
45 8 1
8 49 1
49 8 1
8 57 1
57 8 1
10 27 1
27 10 1
10 28 1
28 10 1
10 29 1
29 10 1
41 10 1
10 41 1
11 29 1
29 11 1
56 11 1
11 56 1
12 29 1
29 12 1
32 12 1
12 32 1
30 15 1
15 30 1
18 29 1
29 18 1
32 18 1
18 32 1
21 30 1
30 21 1
29 22 1
22 29 1
29 23 1
23 29 1
54 23 1
23 54 1
24 29 1
29 24 1
24 56 1
56 24 1
32 25 1
25 32 1
26 54 1
54 26 1
27 28 1
28 27 1
32 27 1
27 32 1
41 27 1
27 41 1
50 27 1
27 50 1
28 29 1
29 28 1
28 30 1
30 28 1
28 36 1
36 28 1
41 28 1
28 41 1
50 28 1
28 50 1
28 54 1
54 28 1
29 30 1
30 29 1
41 29 1
29 41 1
42 29 1
29 42 1
48 29 1
29 48 1
53 29 1
29 53 1
56 29 1
29 56 1
59 29 1
29 59 1
33 30 1
30 33 1
36 30 1
30 36 1
45 30 1
30 45 1
49 30 1
30 49 1
57 30 1
30 57 1
43 31 1
31 43 1
59 31 1
31 59 1
32 51 1
51 32 1
32 53 1
53 32 1
32 56 1
56 32 1
32 59 1
59 32 1
33 57 1
57 33 1
33 59 1
59 33 1
34 35 1
35 34 1
41 35 1
35 41 1
49 35 1
35 49 1
41 36 1
36 41 1
48 54 1
54 48 1
58 54 1
54 58 1
58 55 1
55 58 1
-1 -1 -1
