40  150
2 23 1
23 2 1
25 2 1
2 25 1
33 2 1
2 33 1
25 5 1
5 25 1
5 31 1
31 5 1
33 5 1
5 33 1
8 6 1
6 8 1
11 6 1
6 11 1
13 6 1
6 13 1
21 6 1
6 21 1
25 6 1
6 25 1
26 6 1
6 26 1
6 31 1
31 6 1
33 6 1
6 33 1
20 7 1
7 20 1
25 7 1
7 25 1
8 11 1
11 8 1
8 21 1
21 8 1
8 24 1
24 8 1
8 25 1
25 8 1
8 31 1
31 8 1
8 33 1
33 8 1
9 23 1
23 9 1
11 21 1
21 11 1
24 11 1
11 24 1
11 31 1
31 11 1
33 11 1
11 33 1
16 12 1
12 16 1
12 21 1
21 12 1
24 12 1
12 24 1
25 12 1
12 25 1
12 31 1
31 12 1
20 13 1
13 20 1
21 13 1
13 21 1
33 13 1
13 33 1
25 14 1
14 25 1
14 31 1
31 14 1
31 15 1
15 31 1
33 15 1
15 33 1
16 31 1
31 16 1
17 18 1
18 17 1
17 21 1
21 17 1
24 17 1
17 24 1
17 26 1
26 17 1
40 17 1
17 40 1
25 18 1
18 25 1
18 31 1
31 18 1
33 18 1
18 33 1
33 20 1
20 33 1
20 36 1
36 20 1
25 21 1
21 25 1
21 31 1
31 21 1
33 21 1
21 33 1
25 23 1
23 25 1
31 23 1
23 31 1
33 23 1
23 33 1
24 25 1
25 24 1
24 37 1
37 24 1
25 27 1
27 25 1
25 31 1
31 25 1
25 33 1
33 25 1
25 35 1
35 25 1
25 38 1
38 25 1
40 25 1
25 40 1
33 26 1
26 33 1
27 31 1
31 27 1
33 27 1
27 33 1
33 31 1
31 33 1
36 31 1
31 36 1
37 31 1
31 37 1
38 31 1
31 38 1
40 31 1
31 40 1
33 37 1
37 33 1
33 38 1
38 33 1
40 33 1
33 40 1
-1 -1 -1
