40  64
2 5 1
5 2 1
2 14 1
14 2 1
24 2 1
2 24 1
2 27 1
27 2 1
2 39 1
39 2 1
3 28 1
28 3 1
35 3 1
3 35 1
28 5 1
5 28 1
35 7 1
7 35 1
8 28 1
28 8 1
35 11 1
11 35 1
12 23 1
23 12 1
35 12 1
12 35 1
26 14 1
14 26 1
17 28 1
28 17 1
17 35 1
35 17 1
18 35 1
35 18 1
35 20 1
20 35 1
34 22 1
22 34 1
24 35 1
35 24 1
25 26 1
26 25 1
25 35 1
35 25 1
35 27 1
27 35 1
28 29 1
29 28 1
28 30 1
30 28 1
34 28 1
28 34 1
35 28 1
28 35 1
28 39 1
39 28 1
35 29 1
29 35 1
35 30 1
30 35 1
34 35 1
35 34 1
35 39 1
39 35 1
-1 -1 -1
