40  100
1 6 1
6 1 1
1 10 1
10 1 1
1 12 1
12 1 1
1 15 1
15 1 1
1 20 1
20 1 1
2 5 1
5 2 1
2 6 1
6 2 1
9 2 1
2 9 1
2 12 1
12 2 1
2 28 1
28 2 1
2 31 1
31 2 1
32 2 1
2 32 1
12 5 1
5 12 1
5 31 1
31 5 1
11 6 1
6 11 1
17 6 1
6 17 1
18 6 1
6 18 1
6 22 1
22 6 1
6 23 1
23 6 1
6 31 1
31 6 1
32 6 1
6 32 1
33 6 1
6 33 1
12 7 1
7 12 1
18 7 1
7 18 1
9 22 1
22 9 1
9 23 1
23 9 1
9 31 1
31 9 1
32 9 1
9 32 1
10 12 1
12 10 1
12 15 1
15 12 1
16 12 1
12 16 1
17 12 1
12 17 1
18 12 1
12 18 1
12 20 1
20 12 1
12 23 1
23 12 1
12 29 1
29 12 1
12 31 1
31 12 1
33 12 1
12 33 1
12 37 1
37 12 1
22 15 1
15 22 1
17 31 1
31 17 1
32 17 1
17 32 1
40 17 1
17 40 1
25 22 1
22 25 1
22 31 1
31 22 1
33 22 1
22 33 1
40 22 1
22 40 1
26 35 1
35 26 1
28 31 1
31 28 1
37 31 1
31 37 1
-1 -1 -1
