40  68
1 15 1
15 1 1
1 27 1
27 1 1
1 39 1
39 1 1
2 6 1
6 2 1
5 6 1
6 5 1
11 5 1
5 11 1
20 5 1
5 20 1
25 5 1
5 25 1
27 5 1
5 27 1
5 39 1
39 5 1
6 15 1
15 6 1
21 6 1
6 21 1
25 6 1
6 25 1
27 6 1
6 27 1
34 6 1
6 34 1
37 6 1
6 37 1
6 39 1
39 6 1
10 15 1
15 10 1
10 18 1
18 10 1
10 34 1
34 10 1
10 39 1
39 10 1
27 11 1
11 27 1
18 14 1
14 18 1
18 15 1
15 18 1
27 15 1
15 27 1
39 15 1
15 39 1
18 27 1
27 18 1
18 34 1
34 18 1
18 39 1
39 18 1
25 27 1
27 25 1
34 27 1
27 34 1
27 37 1
37 27 1
27 39 1
39 27 1
34 39 1
39 34 1
-1 -1 -1
