30  76
3 22 1
22 3 1
11 4 1
4 11 1
4 22 1
22 4 1
11 5 1
5 11 1
11 7 1
7 11 1
17 7 1
7 17 1
22 7 1
7 22 1
9 12 1
12 9 1
9 22 1
22 9 1
9 28 1
28 9 1
10 11 1
11 10 1
10 13 1
13 10 1
10 14 1
14 10 1
10 15 1
15 10 1
16 10 1
10 16 1
17 10 1
10 17 1
10 19 1
19 10 1
10 20 1
20 10 1
10 22 1
22 10 1
11 12 1
12 11 1
17 11 1
11 17 1
19 11 1
11 19 1
11 20 1
20 11 1
11 22 1
22 11 1
25 11 1
11 25 1
11 29 1
29 11 1
12 22 1
22 12 1
25 12 1
12 25 1
17 13 1
13 17 1
17 14 1
14 17 1
16 17 1
17 16 1
17 19 1
19 17 1
17 22 1
22 17 1
19 22 1
22 19 1
25 22 1
22 25 1
28 22 1
22 28 1
25 28 1
28 25 1
26 28 1
28 26 1
-1 -1 -1
