30  62
1 7 1
7 1 1
1 25 1
25 1 1
2 23 1
23 2 1
3 7 1
7 3 1
3 12 1
12 3 1
3 23 1
23 3 1
24 3 1
3 24 1
9 4 1
4 9 1
5 7 1
7 5 1
12 5 1
5 12 1
5 23 1
23 5 1
12 6 1
6 12 1
10 7 1
7 10 1
15 7 1
7 15 1
18 7 1
7 18 1
19 7 1
7 19 1
23 7 1
7 23 1
25 7 1
7 25 1
9 23 1
23 9 1
10 12 1
12 10 1
18 12 1
12 18 1
12 23 1
23 12 1
23 15 1
15 23 1
24 15 1
15 24 1
16 23 1
23 16 1
17 23 1
23 17 1
18 23 1
23 18 1
19 23 1
23 19 1
24 19 1
19 24 1
25 23 1
23 25 1
24 25 1
25 24 1
-1 -1 -1
