70  524
1 7 1
7 1 1
1 19 1
19 1 1
1 25 1
25 1 1
1 26 1
26 1 1
1 35 1
35 1 1
65 2 1
2 65 1
8 3 1
3 8 1
10 3 1
3 10 1
3 14 1
14 3 1
3 15 1
15 3 1
19 3 1
3 19 1
27 3 1
3 27 1
3 63 1
63 3 1
64 3 1
3 64 1
4 36 1
36 4 1
4 46 1
46 4 1
10 5 1
5 10 1
19 5 1
5 19 1
5 46 1
46 5 1
8 6 1
6 8 1
19 6 1
6 19 1
6 55 1
55 6 1
8 7 1
7 8 1
10 7 1
7 10 1
11 7 1
7 11 1
15 7 1
7 15 1
19 7 1
7 19 1
25 7 1
7 25 1
31 7 1
7 31 1
36 7 1
7 36 1
42 7 1
7 42 1
46 7 1
7 46 1
63 7 1
7 63 1
8 10 1
10 8 1
8 14 1
14 8 1
8 15 1
15 8 1
8 17 1
17 8 1
8 19 1
19 8 1
8 21 1
21 8 1
8 24 1
24 8 1
8 25 1
25 8 1
8 26 1
26 8 1
8 28 1
28 8 1
8 32 1
32 8 1
8 34 1
34 8 1
8 35 1
35 8 1
8 36 1
36 8 1
8 37 1
37 8 1
8 39 1
39 8 1
8 40 1
40 8 1
8 46 1
46 8 1
8 47 1
47 8 1
8 56 1
56 8 1
8 57 1
57 8 1
8 59 1
59 8 1
8 63 1
63 8 1
8 64 1
64 8 1
8 65 1
65 8 1
8 70 1
70 8 1
9 25 1
25 9 1
9 63 1
63 9 1
10 14 1
14 10 1
17 10 1
10 17 1
10 19 1
19 10 1
10 20 1
20 10 1
10 21 1
21 10 1
24 10 1
10 24 1
25 10 1
10 25 1
10 30 1
30 10 1
33 10 1
10 33 1
10 34 1
34 10 1
10 38 1
38 10 1
10 39 1
39 10 1
10 47 1
47 10 1
57 10 1
10 57 1
10 59 1
59 10 1
10 62 1
62 10 1
10 63 1
63 10 1
64 10 1
10 64 1
65 10 1
10 65 1
10 70 1
70 10 1
19 11 1
11 19 1
25 11 1
11 25 1
35 11 1
11 35 1
66 11 1
11 66 1
19 12 1
12 19 1
25 12 1
12 25 1
66 12 1
12 66 1
19 13 1
13 19 1
14 15 1
15 14 1
17 14 1
14 17 1
19 14 1
14 19 1
25 14 1
14 25 1
36 14 1
14 36 1
46 14 1
14 46 1
14 63 1
63 14 1
64 14 1
14 64 1
65 14 1
14 65 1
66 14 1
14 66 1
16 15 1
15 16 1
17 15 1
15 17 1
19 15 1
15 19 1
20 15 1
15 20 1
21 15 1
15 21 1
24 15 1
15 24 1
25 15 1
15 25 1
26 15 1
15 26 1
28 15 1
15 28 1
30 15 1
15 30 1
33 15 1
15 33 1
34 15 1
15 34 1
35 15 1
15 35 1
36 15 1
15 36 1
37 15 1
15 37 1
38 15 1
15 38 1
40 15 1
15 40 1
46 15 1
15 46 1
47 15 1
15 47 1
48 15 1
15 48 1
55 15 1
15 55 1
56 15 1
15 56 1
58 15 1
15 58 1
59 15 1
15 59 1
62 15 1
15 62 1
63 15 1
15 63 1
64 15 1
15 64 1
65 15 1
15 65 1
70 15 1
15 70 1
16 25 1
25 16 1
16 46 1
46 16 1
16 63 1
63 16 1
17 19 1
19 17 1
17 25 1
25 17 1
17 36 1
36 17 1
17 46 1
46 17 1
17 55 1
55 17 1
17 63 1
63 17 1
64 17 1
17 64 1
17 66 1
66 17 1
19 20 1
20 19 1
19 21 1
21 19 1
24 19 1
19 24 1
19 28 1
28 19 1
19 30 1
30 19 1
19 31 1
31 19 1
32 19 1
19 32 1
33 19 1
19 33 1
34 19 1
19 34 1
35 19 1
19 35 1
19 37 1
37 19 1
19 38 1
38 19 1
19 39 1
39 19 1
42 19 1
19 42 1
19 47 1
47 19 1
48 19 1
19 48 1
56 19 1
19 56 1
57 19 1
19 57 1
59 19 1
19 59 1
19 63 1
63 19 1
64 19 1
19 64 1
65 19 1
19 65 1
67 19 1
19 67 1
19 70 1
70 19 1
25 20 1
20 25 1
20 63 1
63 20 1
25 21 1
21 25 1
36 21 1
21 36 1
48 21 1
21 48 1
21 55 1
55 21 1
21 63 1
63 21 1
25 23 1
23 25 1
24 25 1
25 24 1
24 55 1
55 24 1
24 58 1
58 24 1
24 63 1
63 24 1
25 26 1
26 25 1
25 27 1
27 25 1
25 28 1
28 25 1
25 31 1
31 25 1
32 25 1
25 32 1
25 33 1
33 25 1
25 36 1
36 25 1
25 37 1
37 25 1
25 38 1
38 25 1
25 39 1
39 25 1
40 25 1
25 40 1
25 42 1
42 25 1
25 47 1
47 25 1
48 25 1
25 48 1
25 55 1
55 25 1
56 25 1
25 56 1
25 57 1
57 25 1
25 59 1
59 25 1
25 63 1
63 25 1
65 25 1
25 65 1
26 31 1
31 26 1
26 42 1
42 26 1
48 26 1
26 48 1
26 63 1
63 26 1
28 36 1
36 28 1
36 30 1
30 36 1
30 63 1
63 30 1
32 36 1
36 32 1
32 46 1
46 32 1
32 48 1
48 32 1
32 58 1
58 32 1
32 63 1
63 32 1
33 36 1
36 33 1
33 55 1
55 33 1
33 63 1
63 33 1
34 36 1
36 34 1
48 34 1
34 48 1
34 63 1
63 34 1
35 36 1
36 35 1
42 35 1
35 42 1
43 35 1
35 43 1
35 46 1
46 35 1
48 35 1
35 48 1
50 35 1
35 50 1
35 55 1
55 35 1
35 63 1
63 35 1
36 39 1
39 36 1
40 36 1
36 40 1
36 47 1
47 36 1
56 36 1
36 56 1
58 36 1
36 58 1
59 36 1
36 59 1
36 62 1
62 36 1
65 36 1
36 65 1
36 70 1
70 36 1
58 37 1
37 58 1
38 55 1
55 38 1
38 63 1
63 38 1
48 39 1
39 48 1
58 39 1
39 58 1
40 63 1
63 40 1
46 47 1
47 46 1
46 55 1
55 46 1
58 46 1
46 58 1
46 63 1
63 46 1
70 46 1
46 70 1
55 47 1
47 55 1
63 47 1
47 63 1
48 57 1
57 48 1
48 59 1
59 48 1
48 63 1
63 48 1
48 64 1
64 48 1
48 70 1
70 48 1
49 55 1
55 49 1
56 55 1
55 56 1
65 55 1
55 65 1
70 55 1
55 70 1
56 63 1
63 56 1
57 58 1
58 57 1
65 58 1
58 65 1
58 70 1
70 58 1
59 63 1
63 59 1
62 63 1
63 62 1
65 63 1
63 65 1
66 63 1
63 66 1
70 63 1
63 70 1
65 66 1
66 65 1
-1 -1 -1
