60  290
2 18 1
18 2 1
2 20 1
20 2 1
9 3 1
3 9 1
35 3 1
3 35 1
58 3 1
3 58 1
18 4 1
4 18 1
42 4 1
4 42 1
17 5 1
5 17 1
25 5 1
5 25 1
9 6 1
6 9 1
35 6 1
6 35 1
38 6 1
6 38 1
58 6 1
6 58 1
35 7 1
7 35 1
38 7 1
7 38 1
58 7 1
7 58 1
9 14 1
14 9 1
16 9 1
9 16 1
9 18 1
18 9 1
9 19 1
19 9 1
9 21 1
21 9 1
9 28 1
28 9 1
9 29 1
29 9 1
9 31 1
31 9 1
32 9 1
9 32 1
9 35 1
35 9 1
9 38 1
38 9 1
9 39 1
39 9 1
9 42 1
42 9 1
9 43 1
43 9 1
9 44 1
44 9 1
9 45 1
45 9 1
9 47 1
47 9 1
48 9 1
9 48 1
9 50 1
50 9 1
9 54 1
54 9 1
35 12 1
12 35 1
43 12 1
12 43 1
12 45 1
45 12 1
12 53 1
53 12 1
12 54 1
54 12 1
58 12 1
12 58 1
13 38 1
38 13 1
58 13 1
13 58 1
35 14 1
14 35 1
58 14 1
14 58 1
18 15 1
15 18 1
22 15 1
15 22 1
39 15 1
15 39 1
41 15 1
15 41 1
42 15 1
15 42 1
47 15 1
15 47 1
16 25 1
25 16 1
16 26 1
26 16 1
16 35 1
35 16 1
16 38 1
38 16 1
16 43 1
43 16 1
16 45 1
45 16 1
16 53 1
53 16 1
16 54 1
54 16 1
16 59 1
59 16 1
17 18 1
18 17 1
17 42 1
42 17 1
17 47 1
47 17 1
25 18 1
18 25 1
18 34 1
34 18 1
18 38 1
38 18 1
18 42 1
42 18 1
57 18 1
18 57 1
18 58 1
58 18 1
35 19 1
19 35 1
19 38 1
38 19 1
58 19 1
19 58 1
57 20 1
20 57 1
58 20 1
20 58 1
43 21 1
21 43 1
42 22 1
22 42 1
55 23 1
23 55 1
25 35 1
35 25 1
25 38 1
38 25 1
25 50 1
50 25 1
25 59 1
59 25 1
26 35 1
35 26 1
26 38 1
38 26 1
26 45 1
45 26 1
26 53 1
53 26 1
26 54 1
54 26 1
26 58 1
58 26 1
26 60 1
60 26 1
38 31 1
31 38 1
32 35 1
35 32 1
32 38 1
38 32 1
32 58 1
58 32 1
34 42 1
42 34 1
34 47 1
47 34 1
35 38 1
38 35 1
35 39 1
39 35 1
40 35 1
35 40 1
42 35 1
35 42 1
43 35 1
35 43 1
35 44 1
44 35 1
35 47 1
47 35 1
49 35 1
35 49 1
57 35 1
35 57 1
58 35 1
35 58 1
42 37 1
37 42 1
40 38 1
38 40 1
42 38 1
38 42 1
43 38 1
38 43 1
44 38 1
38 44 1
45 38 1
38 45 1
38 47 1
47 38 1
50 38 1
38 50 1
53 38 1
38 53 1
54 38 1
38 54 1
57 38 1
38 57 1
58 38 1
38 58 1
60 38 1
38 60 1
58 39 1
39 58 1
40 58 1
58 40 1
57 42 1
42 57 1
42 58 1
58 42 1
43 45 1
45 43 1
43 53 1
53 43 1
43 54 1
54 43 1
59 43 1
43 59 1
43 60 1
60 43 1
58 44 1
44 58 1
53 45 1
45 53 1
45 54 1
54 45 1
58 45 1
45 58 1
58 46 1
46 58 1
58 47 1
47 58 1
48 58 1
58 48 1
50 58 1
58 50 1
58 51 1
51 58 1
53 54 1
54 53 1
58 53 1
53 58 1
59 53 1
53 59 1
56 54 1
54 56 1
58 54 1
54 58 1
60 54 1
54 60 1
56 58 1
58 56 1
57 58 1
58 57 1
58 60 1
60 58 1
-1 -1 -1
