30  64
1 6 1
6 1 1
1 10 1
10 1 1
1 13 1
13 1 1
1 14 1
14 1 1
1 17 1
17 1 1
1 18 1
18 1 1
1 20 1
20 1 1
1 21 1
21 1 1
24 1 1
1 24 1
1 25 1
25 1 1
1 26 1
26 1 1
5 15 1
15 5 1
9 6 1
6 9 1
6 14 1
14 6 1
18 6 1
6 18 1
20 6 1
6 20 1
10 20 1
20 10 1
24 10 1
10 24 1
10 28 1
28 10 1
27 13 1
13 27 1
18 14 1
14 18 1
24 14 1
14 24 1
17 18 1
18 17 1
17 28 1
28 17 1
18 20 1
20 18 1
24 18 1
18 24 1
25 18 1
18 25 1
18 26 1
26 18 1
18 28 1
28 18 1
25 20 1
20 25 1
26 20 1
20 26 1
25 28 1
28 25 1
-1 -1 -1
