50  58
3 15 1
15 3 1
4 14 1
14 4 1
5 14 1
14 5 1
14 15 1
15 14 1
16 14 1
14 16 1
38 14 1
14 38 1
40 14 1
14 40 1
42 14 1
14 42 1
20 15 1
15 20 1
40 15 1
15 40 1
16 20 1
20 16 1
16 40 1
40 16 1
16 42 1
42 16 1
16 43 1
43 16 1
16 50 1
50 16 1
35 20 1
20 35 1
20 37 1
37 20 1
42 20 1
20 42 1
50 21 1
21 50 1
40 30 1
30 40 1
50 30 1
30 50 1
32 40 1
40 32 1
50 38 1
38 50 1
40 42 1
42 40 1
40 43 1
43 40 1
40 50 1
50 40 1
42 50 1
50 42 1
43 46 1
46 43 1
50 44 1
44 50 1
-1 -1 -1
