50  176
2 21 1
21 2 1
33 2 1
2 33 1
33 3 1
3 33 1
16 4 1
4 16 1
4 21 1
21 4 1
33 4 1
4 33 1
4 37 1
37 4 1
42 4 1
4 42 1
49 4 1
4 49 1
16 5 1
5 16 1
20 5 1
5 20 1
21 5 1
5 21 1
5 23 1
23 5 1
27 5 1
5 27 1
29 5 1
5 29 1
33 5 1
5 33 1
37 5 1
5 37 1
42 5 1
5 42 1
43 5 1
5 43 1
5 47 1
47 5 1
49 5 1
5 49 1
8 6 1
6 8 1
6 31 1
31 6 1
33 6 1
6 33 1
37 6 1
6 37 1
44 6 1
6 44 1
23 7 1
7 23 1
33 7 1
7 33 1
8 33 1
33 8 1
8 37 1
37 8 1
8 44 1
44 8 1
9 33 1
33 9 1
16 10 1
10 16 1
10 21 1
21 10 1
33 10 1
10 33 1
10 42 1
42 10 1
49 10 1
10 49 1
19 11 1
11 19 1
33 11 1
11 33 1
13 23 1
23 13 1
28 14 1
14 28 1
16 15 1
15 16 1
49 15 1
15 49 1
16 29 1
29 16 1
16 39 1
39 16 1
16 50 1
50 16 1
20 29 1
29 20 1
33 20 1
20 33 1
20 37 1
37 20 1
20 47 1
47 20 1
27 21 1
21 27 1
29 21 1
21 29 1
21 39 1
39 21 1
50 21 1
21 50 1
29 23 1
23 29 1
33 23 1
23 33 1
36 23 1
23 36 1
39 23 1
23 39 1
44 23 1
23 44 1
46 23 1
23 46 1
47 23 1
23 47 1
50 23 1
23 50 1
25 29 1
29 25 1
27 29 1
29 27 1
28 39 1
39 28 1
50 28 1
28 50 1
33 29 1
29 33 1
37 29 1
29 37 1
42 29 1
29 42 1
43 29 1
29 43 1
29 47 1
47 29 1
49 29 1
29 49 1
33 31 1
31 33 1
44 31 1
31 44 1
33 34 1
34 33 1
33 36 1
36 33 1
33 39 1
39 33 1
33 44 1
44 33 1
33 46 1
46 33 1
33 47 1
47 33 1
33 50 1
50 33 1
36 37 1
37 36 1
37 39 1
39 37 1
37 46 1
46 37 1
42 39 1
39 42 1
49 39 1
39 49 1
42 50 1
50 42 1
49 50 1
50 49 1
-1 -1 -1
