50  112
9 2 1
2 9 1
8 3 1
3 8 1
35 3 1
3 35 1
43 3 1
3 43 1
4 6 1
6 4 1
8 4 1
4 8 1
4 29 1
29 4 1
35 4 1
4 35 1
4 38 1
38 4 1
8 6 1
6 8 1
12 6 1
6 12 1
25 6 1
6 25 1
29 6 1
6 29 1
35 6 1
6 35 1
38 6 1
6 38 1
50 6 1
6 50 1
8 9 1
9 8 1
8 12 1
12 8 1
8 21 1
21 8 1
8 28 1
28 8 1
8 29 1
29 8 1
8 38 1
38 8 1
8 41 1
41 8 1
32 9 1
9 32 1
9 34 1
34 9 1
9 44 1
44 9 1
12 29 1
29 12 1
12 31 1
31 12 1
35 12 1
12 35 1
12 38 1
38 12 1
12 39 1
39 12 1
12 45 1
45 12 1
43 14 1
14 43 1
18 21 1
21 18 1
18 28 1
28 18 1
28 21 1
21 28 1
24 43 1
43 24 1
25 28 1
28 25 1
25 35 1
35 25 1
25 37 1
37 25 1
48 25 1
25 48 1
29 38 1
38 29 1
29 39 1
39 29 1
35 31 1
31 35 1
37 31 1
31 37 1
38 31 1
31 38 1
39 31 1
31 39 1
35 37 1
37 35 1
35 38 1
38 35 1
35 39 1
39 35 1
43 35 1
35 43 1
43 38 1
38 43 1
45 38 1
38 45 1
50 38 1
38 50 1
43 39 1
39 43 1
50 45 1
45 50 1
-1 -1 -1
