60  242
1 3 1
3 1 1
1 6 1
6 1 1
1 17 1
17 1 1
1 34 1
34 1 1
1 42 1
42 1 1
2 6 1
6 2 1
2 36 1
36 2 1
48 2 1
2 48 1
3 6 1
6 3 1
3 7 1
7 3 1
3 12 1
12 3 1
34 3 1
3 34 1
3 36 1
36 3 1
42 3 1
3 42 1
43 3 1
3 43 1
3 44 1
44 3 1
48 3 1
3 48 1
17 5 1
5 17 1
6 7 1
7 6 1
8 6 1
6 8 1
9 6 1
6 9 1
6 14 1
14 6 1
17 6 1
6 17 1
19 6 1
6 19 1
27 6 1
6 27 1
29 6 1
6 29 1
6 30 1
30 6 1
6 31 1
31 6 1
32 6 1
6 32 1
34 6 1
6 34 1
36 6 1
6 36 1
6 39 1
39 6 1
42 6 1
6 42 1
43 6 1
6 43 1
48 6 1
6 48 1
49 6 1
6 49 1
6 55 1
55 6 1
59 6 1
6 59 1
60 6 1
6 60 1
17 7 1
7 17 1
34 7 1
7 34 1
36 7 1
7 36 1
39 7 1
7 39 1
42 7 1
7 42 1
43 7 1
7 43 1
48 7 1
7 48 1
8 42 1
42 8 1
8 43 1
43 8 1
9 17 1
17 9 1
9 23 1
23 9 1
9 42 1
42 9 1
9 43 1
43 9 1
10 43 1
43 10 1
43 11 1
11 43 1
17 12 1
12 17 1
12 39 1
39 12 1
43 13 1
13 43 1
14 23 1
23 14 1
42 14 1
14 42 1
43 14 1
14 43 1
17 19 1
19 17 1
17 25 1
25 17 1
17 27 1
27 17 1
17 29 1
29 17 1
32 17 1
17 32 1
17 34 1
34 17 1
17 36 1
36 17 1
17 38 1
38 17 1
17 42 1
42 17 1
17 43 1
43 17 1
17 44 1
44 17 1
17 46 1
46 17 1
17 47 1
47 17 1
48 17 1
17 48 1
17 49 1
49 17 1
17 55 1
55 17 1
17 58 1
58 17 1
17 59 1
59 17 1
17 60 1
60 17 1
42 19 1
19 42 1
27 23 1
23 27 1
32 23 1
23 32 1
35 23 1
23 35 1
49 23 1
23 49 1
42 27 1
27 42 1
43 27 1
27 43 1
49 27 1
27 49 1
42 29 1
29 42 1
43 29 1
29 43 1
43 30 1
30 43 1
43 31 1
31 43 1
32 42 1
42 32 1
32 43 1
43 32 1
34 36 1
36 34 1
34 39 1
39 34 1
34 42 1
42 34 1
34 43 1
43 34 1
48 34 1
34 48 1
42 35 1
35 42 1
43 35 1
35 43 1
36 39 1
39 36 1
42 36 1
36 42 1
43 36 1
36 43 1
36 44 1
44 36 1
42 39 1
39 42 1
48 39 1
39 48 1
42 43 1
43 42 1
48 42 1
42 48 1
49 42 1
42 49 1
42 51 1
51 42 1
42 55 1
55 42 1
42 59 1
59 42 1
42 60 1
60 42 1
48 43 1
43 48 1
49 43 1
43 49 1
51 43 1
43 51 1
43 55 1
55 43 1
57 43 1
43 57 1
59 43 1
43 59 1
43 60 1
60 43 1
58 54 1
54 58 1
-1 -1 -1
