40  134
1 13 1
13 1 1
1 21 1
21 1 1
1 23 1
23 1 1
1 27 1
27 1 1
1 39 1
39 1 1
10 3 1
3 10 1
3 13 1
13 3 1
3 14 1
14 3 1
3 15 1
15 3 1
3 21 1
21 3 1
27 3 1
3 27 1
4 21 1
21 4 1
4 23 1
23 4 1
13 5 1
5 13 1
21 5 1
5 21 1
5 23 1
23 5 1
13 7 1
7 13 1
17 7 1
7 17 1
27 7 1
7 27 1
30 7 1
7 30 1
34 7 1
7 34 1
38 7 1
7 38 1
40 7 1
7 40 1
8 23 1
23 8 1
9 13 1
13 9 1
17 10 1
10 17 1
10 23 1
23 10 1
10 36 1
36 10 1
11 23 1
23 11 1
13 14 1
14 13 1
16 13 1
13 16 1
17 13 1
13 17 1
21 13 1
13 21 1
13 23 1
23 13 1
28 13 1
13 28 1
13 30 1
30 13 1
33 13 1
13 33 1
34 13 1
13 34 1
36 13 1
13 36 1
37 13 1
13 37 1
13 38 1
38 13 1
40 13 1
13 40 1
14 23 1
23 14 1
17 15 1
15 17 1
23 15 1
15 23 1
36 15 1
15 36 1
16 21 1
21 16 1
17 21 1
21 17 1
17 23 1
23 17 1
17 39 1
39 17 1
21 23 1
23 21 1
26 21 1
21 26 1
28 21 1
21 28 1
21 30 1
30 21 1
35 21 1
21 35 1
36 21 1
21 36 1
37 21 1
21 37 1
22 39 1
39 22 1
26 23 1
23 26 1
28 23 1
23 28 1
30 23 1
23 30 1
34 23 1
23 34 1
36 23 1
23 36 1
37 23 1
23 37 1
40 23 1
23 40 1
26 39 1
39 26 1
34 39 1
39 34 1
-1 -1 -1
