60  220
1 2 1
2 1 1
1 5 1
5 1 1
1 7 1
7 1 1
1 12 1
12 1 1
1 15 1
15 1 1
16 1 1
1 16 1
1 30 1
30 1 1
1 39 1
39 1 1
1 41 1
41 1 1
1 58 1
58 1 1
1 59 1
59 1 1
2 5 1
5 2 1
2 7 1
7 2 1
2 12 1
12 2 1
2 15 1
15 2 1
16 2 1
2 16 1
2 28 1
28 2 1
2 30 1
30 2 1
2 39 1
39 2 1
41 2 1
2 41 1
2 58 1
58 2 1
2 59 1
59 2 1
5 7 1
7 5 1
12 5 1
5 12 1
5 14 1
14 5 1
5 15 1
15 5 1
21 5 1
5 21 1
25 5 1
5 25 1
32 5 1
5 32 1
34 5 1
5 34 1
35 5 1
5 35 1
5 39 1
39 5 1
48 5 1
5 48 1
50 5 1
5 50 1
51 5 1
5 51 1
52 5 1
5 52 1
5 55 1
55 5 1
58 5 1
5 58 1
59 5 1
5 59 1
60 5 1
5 60 1
12 7 1
7 12 1
15 7 1
7 15 1
30 7 1
7 30 1
39 7 1
7 39 1
58 7 1
7 58 1
16 11 1
11 16 1
41 11 1
11 41 1
25 12 1
12 25 1
12 30 1
30 12 1
12 39 1
39 12 1
58 12 1
12 58 1
59 12 1
12 59 1
16 13 1
13 16 1
17 13 1
13 17 1
13 39 1
39 13 1
14 23 1
23 14 1
36 14 1
14 36 1
16 15 1
15 16 1
28 15 1
15 28 1
30 15 1
15 30 1
39 15 1
15 39 1
59 15 1
15 59 1
16 24 1
24 16 1
16 36 1
36 16 1
16 39 1
39 16 1
17 30 1
30 17 1
18 52 1
52 18 1
18 60 1
60 18 1
41 19 1
19 41 1
20 39 1
39 20 1
25 21 1
21 25 1
32 21 1
21 32 1
52 21 1
21 52 1
53 21 1
21 53 1
60 21 1
21 60 1
39 23 1
23 39 1
41 23 1
23 41 1
24 39 1
39 24 1
24 41 1
41 24 1
25 26 1
26 25 1
25 30 1
30 25 1
32 25 1
25 32 1
25 34 1
34 25 1
25 39 1
39 25 1
25 52 1
52 25 1
25 54 1
54 25 1
25 55 1
55 25 1
25 58 1
58 25 1
25 59 1
59 25 1
25 60 1
60 25 1
28 39 1
39 28 1
29 39 1
39 29 1
30 39 1
39 30 1
58 30 1
30 58 1
59 30 1
30 59 1
32 52 1
52 32 1
32 53 1
53 32 1
32 60 1
60 32 1
41 35 1
35 41 1
36 39 1
39 36 1
41 36 1
36 41 1
40 39 1
39 40 1
41 39 1
39 41 1
58 39 1
39 58 1
59 39 1
39 59 1
41 51 1
51 41 1
41 55 1
55 41 1
41 60 1
60 41 1
52 60 1
60 52 1
58 59 1
59 58 1
-1 -1 -1
