50  106
5 7 1
7 5 1
6 7 1
7 6 1
8 7 1
7 8 1
11 7 1
7 11 1
12 7 1
7 12 1
17 7 1
7 17 1
21 7 1
7 21 1
23 7 1
7 23 1
27 7 1
7 27 1
34 7 1
7 34 1
37 7 1
7 37 1
39 7 1
7 39 1
42 7 1
7 42 1
46 7 1
7 46 1
49 7 1
7 49 1
10 18 1
18 10 1
10 29 1
29 10 1
32 10 1
10 32 1
10 37 1
37 10 1
10 39 1
39 10 1
10 47 1
47 10 1
12 21 1
21 12 1
12 23 1
23 12 1
42 12 1
12 42 1
49 12 1
12 49 1
41 14 1
14 41 1
18 29 1
29 18 1
18 30 1
30 18 1
32 18 1
18 32 1
18 37 1
37 18 1
18 39 1
39 18 1
18 47 1
47 18 1
42 21 1
21 42 1
49 21 1
21 49 1
42 23 1
23 42 1
49 23 1
23 49 1
29 39 1
39 29 1
29 47 1
47 29 1
48 29 1
29 48 1
32 30 1
30 32 1
30 39 1
39 30 1
46 30 1
30 46 1
48 30 1
30 48 1
32 37 1
37 32 1
32 39 1
39 32 1
32 46 1
46 32 1
32 47 1
47 32 1
32 48 1
48 32 1
37 39 1
39 37 1
37 47 1
47 37 1
47 39 1
39 47 1
49 42 1
42 49 1
46 47 1
47 46 1
-1 -1 -1
