40  172
4 23 1
23 4 1
8 5 1
5 8 1
9 5 1
5 9 1
11 5 1
5 11 1
17 5 1
5 17 1
19 5 1
5 19 1
5 23 1
23 5 1
28 5 1
5 28 1
29 5 1
5 29 1
32 5 1
5 32 1
9 7 1
7 9 1
23 7 1
7 23 1
29 7 1
7 29 1
32 7 1
7 32 1
8 16 1
16 8 1
8 22 1
22 8 1
8 23 1
23 8 1
8 25 1
25 8 1
16 9 1
9 16 1
9 22 1
22 9 1
9 23 1
23 9 1
9 25 1
25 9 1
11 12 1
12 11 1
11 13 1
13 11 1
11 14 1
14 11 1
18 11 1
11 18 1
11 21 1
21 11 1
25 11 1
11 25 1
11 28 1
28 11 1
11 29 1
29 11 1
11 30 1
30 11 1
11 37 1
37 11 1
12 23 1
23 12 1
12 28 1
28 12 1
16 13 1
13 16 1
21 13 1
13 21 1
13 22 1
22 13 1
13 23 1
23 13 1
28 13 1
13 28 1
29 13 1
13 29 1
13 39 1
39 13 1
14 23 1
23 14 1
28 14 1
14 28 1
14 30 1
30 14 1
16 17 1
17 16 1
16 21 1
21 16 1
16 22 1
22 16 1
16 28 1
28 16 1
16 32 1
32 16 1
16 39 1
39 16 1
17 22 1
22 17 1
17 23 1
23 17 1
17 25 1
25 17 1
18 28 1
28 18 1
18 29 1
29 18 1
21 22 1
22 21 1
21 23 1
23 21 1
28 21 1
21 28 1
29 21 1
21 29 1
21 39 1
39 21 1
22 23 1
23 22 1
28 22 1
22 28 1
29 22 1
22 29 1
32 22 1
22 32 1
22 39 1
39 22 1
24 23 1
23 24 1
25 23 1
23 25 1
28 23 1
23 28 1
30 23 1
23 30 1
32 23 1
23 32 1
37 23 1
23 37 1
38 23 1
23 38 1
39 23 1
23 39 1
24 28 1
28 24 1
24 29 1
29 24 1
25 28 1
28 25 1
25 29 1
29 25 1
32 25 1
25 32 1
28 29 1
29 28 1
28 30 1
30 28 1
28 37 1
37 28 1
28 39 1
39 28 1
29 30 1
30 29 1
37 29 1
29 37 1
29 38 1
38 29 1
32 31 1
31 32 1
-1 -1 -1
