50  272
1 4 1
4 1 1
1 5 1
5 1 1
1 9 1
9 1 1
1 15 1
15 1 1
1 20 1
20 1 1
1 28 1
28 1 1
1 31 1
31 1 1
32 1 1
1 32 1
40 1 1
1 40 1
1 43 1
43 1 1
1 47 1
47 1 1
3 5 1
5 3 1
3 15 1
15 3 1
3 20 1
20 3 1
3 28 1
28 3 1
3 31 1
31 3 1
40 3 1
3 40 1
4 5 1
5 4 1
4 6 1
6 4 1
17 4 1
4 17 1
4 20 1
20 4 1
4 23 1
23 4 1
25 4 1
4 25 1
4 28 1
28 4 1
40 4 1
4 40 1
20 5 1
5 20 1
28 5 1
5 28 1
32 5 1
5 32 1
40 5 1
5 40 1
5 47 1
47 5 1
6 15 1
15 6 1
6 31 1
31 6 1
32 6 1
6 32 1
44 6 1
6 44 1
20 7 1
7 20 1
31 7 1
7 31 1
32 7 1
7 32 1
8 32 1
32 8 1
9 15 1
15 9 1
9 28 1
28 9 1
9 31 1
31 9 1
32 9 1
9 32 1
40 9 1
9 40 1
9 43 1
43 9 1
9 47 1
47 9 1
10 31 1
31 10 1
32 10 1
10 32 1
10 50 1
50 10 1
11 21 1
21 11 1
11 28 1
28 11 1
13 15 1
15 13 1
13 31 1
31 13 1
32 13 1
13 32 1
14 31 1
31 14 1
38 14 1
14 38 1
14 47 1
47 14 1
17 15 1
15 17 1
25 15 1
15 25 1
27 15 1
15 27 1
28 15 1
15 28 1
30 15 1
15 30 1
31 15 1
15 31 1
32 15 1
15 32 1
33 15 1
15 33 1
40 15 1
15 40 1
43 15 1
15 43 1
44 15 1
15 44 1
46 15 1
15 46 1
47 15 1
15 47 1
48 15 1
15 48 1
49 15 1
15 49 1
50 15 1
15 50 1
16 19 1
19 16 1
16 32 1
32 16 1
32 17 1
17 32 1
17 39 1
39 17 1
17 44 1
44 17 1
17 50 1
50 17 1
27 20 1
20 27 1
20 29 1
29 20 1
20 30 1
30 20 1
20 31 1
31 20 1
32 20 1
20 32 1
33 20 1
20 33 1
40 20 1
20 40 1
43 20 1
20 43 1
20 46 1
46 20 1
48 20 1
20 48 1
50 20 1
20 50 1
32 23 1
23 32 1
44 23 1
23 44 1
25 31 1
31 25 1
32 25 1
25 32 1
25 44 1
44 25 1
27 31 1
31 27 1
32 27 1
27 32 1
27 44 1
44 27 1
28 31 1
31 28 1
32 28 1
28 32 1
40 28 1
28 40 1
43 28 1
28 43 1
28 44 1
44 28 1
28 47 1
47 28 1
29 31 1
31 29 1
32 29 1
29 32 1
30 31 1
31 30 1
32 30 1
30 32 1
44 30 1
30 44 1
32 31 1
31 32 1
40 31 1
31 40 1
43 31 1
31 43 1
44 31 1
31 44 1
46 31 1
31 46 1
47 31 1
31 47 1
48 31 1
31 48 1
49 31 1
31 49 1
50 31 1
31 50 1
32 33 1
33 32 1
32 40 1
40 32 1
32 43 1
43 32 1
32 44 1
44 32 1
32 46 1
46 32 1
32 47 1
47 32 1
32 48 1
48 32 1
32 49 1
49 32 1
32 50 1
50 32 1
34 38 1
38 34 1
36 44 1
44 36 1
40 43 1
43 40 1
40 44 1
44 40 1
40 47 1
47 40 1
43 47 1
47 43 1
44 46 1
46 44 1
44 47 1
47 44 1
48 44 1
44 48 1
49 44 1
44 49 1
-1 -1 -1
