60  266
1 14 1
14 1 1
1 23 1
23 1 1
1 27 1
27 1 1
1 47 1
47 1 1
1 52 1
52 1 1
24 3 1
3 24 1
5 23 1
23 5 1
9 6 1
6 9 1
6 23 1
23 6 1
29 6 1
6 29 1
33 6 1
6 33 1
48 6 1
6 48 1
49 6 1
6 49 1
23 7 1
7 23 1
8 9 1
9 8 1
8 10 1
10 8 1
8 12 1
12 8 1
8 23 1
23 8 1
8 29 1
29 8 1
8 30 1
30 8 1
8 33 1
33 8 1
8 48 1
48 8 1
8 49 1
49 8 1
9 17 1
17 9 1
9 26 1
26 9 1
17 10 1
10 17 1
24 10 1
10 24 1
10 26 1
26 10 1
32 10 1
10 32 1
17 12 1
12 17 1
24 12 1
12 24 1
26 12 1
12 26 1
59 12 1
12 59 1
13 23 1
23 13 1
29 13 1
13 29 1
17 14 1
14 17 1
14 22 1
22 14 1
14 23 1
23 14 1
29 14 1
14 29 1
14 30 1
30 14 1
40 14 1
14 40 1
46 14 1
14 46 1
14 47 1
47 14 1
52 14 1
14 52 1
16 15 1
15 16 1
23 15 1
15 23 1
29 15 1
15 29 1
30 15 1
15 30 1
31 15 1
15 31 1
17 18 1
18 17 1
17 22 1
22 17 1
17 23 1
23 17 1
17 29 1
29 17 1
17 30 1
30 17 1
17 33 1
33 17 1
17 36 1
36 17 1
40 17 1
17 40 1
17 46 1
46 17 1
17 47 1
47 17 1
48 17 1
17 48 1
17 49 1
49 17 1
17 52 1
52 17 1
24 18 1
18 24 1
18 26 1
26 18 1
32 18 1
18 32 1
18 59 1
59 18 1
19 29 1
29 19 1
19 30 1
30 19 1
20 37 1
37 20 1
22 23 1
23 22 1
27 22 1
22 27 1
29 22 1
22 29 1
40 22 1
22 40 1
22 47 1
47 22 1
52 22 1
22 52 1
25 23 1
23 25 1
26 23 1
23 26 1
29 23 1
23 29 1
30 23 1
23 30 1
31 23 1
23 31 1
32 23 1
23 32 1
37 23 1
23 37 1
39 23 1
23 39 1
40 23 1
23 40 1
41 23 1
23 41 1
42 23 1
23 42 1
43 23 1
23 43 1
46 23 1
23 46 1
47 23 1
23 47 1
52 23 1
23 52 1
57 23 1
23 57 1
59 23 1
23 59 1
60 23 1
23 60 1
24 29 1
29 24 1
24 30 1
30 24 1
24 33 1
33 24 1
24 48 1
48 24 1
24 49 1
49 24 1
25 29 1
29 25 1
25 30 1
30 25 1
26 29 1
29 26 1
33 26 1
26 33 1
48 26 1
26 48 1
49 26 1
26 49 1
29 30 1
30 29 1
29 31 1
31 29 1
37 29 1
29 37 1
40 29 1
29 40 1
42 29 1
29 42 1
43 29 1
29 43 1
29 47 1
47 29 1
50 29 1
29 50 1
52 29 1
29 52 1
53 29 1
29 53 1
57 29 1
29 57 1
59 29 1
29 59 1
30 31 1
31 30 1
32 30 1
30 32 1
42 30 1
30 42 1
43 30 1
30 43 1
59 30 1
30 59 1
60 30 1
30 60 1
50 31 1
31 50 1
53 31 1
31 53 1
32 48 1
48 32 1
32 49 1
49 32 1
33 59 1
59 33 1
40 47 1
47 40 1
40 52 1
52 40 1
46 47 1
47 46 1
52 47 1
47 52 1
48 59 1
59 48 1
49 59 1
59 49 1
-1 -1 -1
