50  232
34 3 1
3 34 1
3 38 1
38 3 1
41 3 1
3 41 1
4 14 1
14 4 1
18 4 1
4 18 1
4 22 1
22 4 1
24 4 1
4 24 1
25 4 1
4 25 1
4 36 1
36 4 1
4 38 1
38 4 1
4 44 1
44 4 1
48 4 1
4 48 1
49 4 1
4 49 1
50 4 1
4 50 1
11 5 1
5 11 1
5 38 1
38 5 1
5 39 1
39 5 1
27 6 1
6 27 1
9 36 1
36 9 1
9 38 1
38 9 1
17 11 1
11 17 1
25 11 1
11 25 1
11 36 1
36 11 1
11 38 1
38 11 1
41 11 1
11 41 1
18 14 1
14 18 1
14 22 1
22 14 1
32 14 1
14 32 1
35 14 1
14 35 1
36 14 1
14 36 1
38 14 1
14 38 1
43 14 1
14 43 1
45 14 1
14 45 1
48 14 1
14 48 1
50 14 1
14 50 1
16 18 1
18 16 1
16 23 1
23 16 1
16 27 1
27 16 1
16 32 1
32 16 1
17 39 1
39 17 1
18 22 1
22 18 1
24 18 1
18 24 1
25 18 1
18 25 1
32 18 1
18 32 1
18 35 1
35 18 1
18 36 1
36 18 1
18 38 1
38 18 1
18 44 1
44 18 1
18 45 1
45 18 1
48 18 1
18 48 1
18 50 1
50 18 1
25 20 1
20 25 1
34 20 1
20 34 1
20 36 1
36 20 1
20 38 1
38 20 1
25 21 1
21 25 1
34 21 1
21 34 1
36 21 1
21 36 1
21 38 1
38 21 1
41 21 1
21 41 1
24 22 1
22 24 1
25 22 1
22 25 1
36 22 1
22 36 1
38 22 1
22 38 1
44 22 1
22 44 1
48 22 1
22 48 1
50 22 1
22 50 1
25 23 1
23 25 1
36 23 1
23 36 1
38 23 1
23 38 1
41 23 1
23 41 1
45 23 1
23 45 1
24 25 1
25 24 1
24 34 1
34 24 1
24 36 1
36 24 1
24 38 1
38 24 1
24 43 1
43 24 1
24 44 1
44 24 1
24 48 1
48 24 1
24 49 1
49 24 1
25 27 1
27 25 1
25 28 1
28 25 1
32 25 1
25 32 1
25 36 1
36 25 1
25 38 1
38 25 1
48 25 1
25 48 1
26 36 1
36 26 1
26 38 1
38 26 1
27 36 1
36 27 1
27 45 1
45 27 1
28 38 1
38 28 1
36 29 1
29 36 1
29 38 1
38 29 1
41 29 1
29 41 1
45 29 1
29 45 1
32 35 1
35 32 1
32 36 1
36 32 1
32 48 1
48 32 1
33 38 1
38 33 1
34 36 1
36 34 1
48 34 1
34 48 1
36 37 1
37 36 1
36 38 1
38 36 1
41 36 1
36 41 1
36 44 1
44 36 1
36 46 1
46 36 1
48 36 1
36 48 1
44 38 1
38 44 1
46 38 1
38 46 1
48 38 1
38 48 1
50 38 1
38 50 1
41 44 1
44 41 1
48 41 1
41 48 1
44 47 1
47 44 1
48 44 1
44 48 1
48 50 1
50 48 1
-1 -1 -1
