50  188
1 7 1
7 1 1
1 9 1
9 1 1
1 14 1
14 1 1
1 17 1
17 1 1
1 19 1
19 1 1
24 1 1
1 24 1
1 28 1
28 1 1
1 30 1
30 1 1
32 1 1
1 32 1
1 39 1
39 1 1
1 46 1
46 1 1
9 2 1
2 9 1
2 14 1
14 2 1
2 19 1
19 2 1
24 2 1
2 24 1
2 28 1
28 2 1
2 30 1
30 2 1
32 2 1
2 32 1
2 39 1
39 2 1
2 46 1
46 2 1
8 7 1
7 8 1
10 7 1
7 10 1
19 7 1
7 19 1
22 7 1
7 22 1
24 7 1
7 24 1
25 7 1
7 25 1
43 7 1
7 43 1
8 14 1
14 8 1
8 17 1
17 8 1
8 25 1
25 8 1
8 46 1
46 8 1
9 14 1
14 9 1
9 19 1
19 9 1
24 9 1
9 24 1
9 25 1
25 9 1
9 28 1
28 9 1
9 30 1
30 9 1
9 39 1
39 9 1
9 46 1
46 9 1
11 14 1
14 11 1
11 46 1
46 11 1
12 14 1
14 12 1
13 14 1
14 13 1
25 13 1
13 25 1
17 14 1
14 17 1
19 14 1
14 19 1
20 14 1
14 20 1
14 22 1
22 14 1
24 14 1
14 24 1
26 14 1
14 26 1
28 14 1
14 28 1
14 30 1
30 14 1
36 14 1
14 36 1
42 14 1
14 42 1
43 14 1
14 43 1
44 14 1
14 44 1
46 14 1
14 46 1
17 19 1
19 17 1
17 22 1
22 17 1
24 17 1
17 24 1
17 26 1
26 17 1
17 28 1
28 17 1
17 36 1
36 17 1
17 44 1
44 17 1
17 46 1
46 17 1
24 19 1
19 24 1
19 28 1
28 19 1
19 30 1
30 19 1
34 19 1
19 34 1
19 39 1
39 19 1
19 46 1
46 19 1
25 20 1
20 25 1
20 46 1
46 20 1
25 22 1
22 25 1
46 22 1
22 46 1
24 28 1
28 24 1
24 30 1
30 24 1
24 39 1
39 24 1
24 46 1
46 24 1
25 26 1
26 25 1
40 25 1
25 40 1
25 42 1
42 25 1
25 43 1
43 25 1
28 30 1
30 28 1
28 39 1
39 28 1
28 46 1
46 28 1
32 30 1
30 32 1
30 39 1
39 30 1
46 30 1
30 46 1
32 46 1
46 32 1
43 35 1
35 43 1
36 46 1
46 36 1
43 46 1
46 43 1
44 46 1
46 44 1
-1 -1 -1
