30  60
27 6 1
6 27 1
9 15 1
15 9 1
9 18 1
18 9 1
9 25 1
25 9 1
9 29 1
29 9 1
10 11 1
11 10 1
16 10 1
10 16 1
17 10 1
10 17 1
10 18 1
18 10 1
10 27 1
27 10 1
16 11 1
11 16 1
18 11 1
11 18 1
18 12 1
12 18 1
27 12 1
12 27 1
18 15 1
15 18 1
25 15 1
15 25 1
27 15 1
15 27 1
16 18 1
18 16 1
17 20 1
20 17 1
17 27 1
27 17 1
17 29 1
29 17 1
18 19 1
19 18 1
18 20 1
20 18 1
18 21 1
21 18 1
18 23 1
23 18 1
25 18 1
18 25 1
18 27 1
27 18 1
18 29 1
29 18 1
25 29 1
29 25 1
27 29 1
29 27 1
-1 -1 -1
