60  374
8 1 1
1 8 1
1 9 1
9 1 1
1 13 1
13 1 1
32 1 1
1 32 1
1 46 1
46 1 1
1 55 1
55 1 1
2 6 1
6 2 1
8 2 1
2 8 1
9 2 1
2 9 1
2 12 1
12 2 1
2 22 1
22 2 1
2 26 1
26 2 1
32 2 1
2 32 1
2 45 1
45 2 1
2 46 1
46 2 1
2 54 1
54 2 1
3 7 1
7 3 1
8 3 1
3 8 1
9 3 1
3 9 1
26 3 1
3 26 1
32 3 1
3 32 1
3 45 1
45 3 1
3 46 1
46 3 1
5 22 1
22 5 1
6 7 1
7 6 1
8 6 1
6 8 1
9 6 1
6 9 1
18 6 1
6 18 1
19 6 1
6 19 1
6 22 1
22 6 1
26 6 1
6 26 1
32 6 1
6 32 1
45 6 1
6 45 1
46 6 1
6 46 1
54 6 1
6 54 1
6 55 1
55 6 1
8 7 1
7 8 1
10 7 1
7 10 1
12 7 1
7 12 1
19 7 1
7 19 1
22 7 1
7 22 1
24 7 1
7 24 1
26 7 1
7 26 1
29 7 1
7 29 1
31 7 1
7 31 1
32 7 1
7 32 1
35 7 1
7 35 1
36 7 1
7 36 1
39 7 1
7 39 1
40 7 1
7 40 1
46 7 1
7 46 1
47 7 1
7 47 1
53 7 1
7 53 1
54 7 1
7 54 1
8 9 1
9 8 1
8 10 1
10 8 1
8 12 1
12 8 1
8 15 1
15 8 1
8 18 1
18 8 1
8 19 1
19 8 1
8 22 1
22 8 1
8 26 1
26 8 1
8 28 1
28 8 1
8 29 1
29 8 1
8 31 1
31 8 1
8 32 1
32 8 1
8 36 1
36 8 1
8 37 1
37 8 1
8 39 1
39 8 1
8 46 1
46 8 1
8 53 1
53 8 1
8 54 1
54 8 1
8 58 1
58 8 1
9 10 1
10 9 1
9 12 1
12 9 1
9 13 1
13 9 1
9 15 1
15 9 1
9 18 1
18 9 1
9 19 1
19 9 1
9 22 1
22 9 1
9 26 1
26 9 1
9 28 1
28 9 1
9 29 1
29 9 1
9 31 1
31 9 1
32 9 1
9 32 1
9 36 1
36 9 1
9 37 1
37 9 1
9 38 1
38 9 1
9 39 1
39 9 1
9 45 1
45 9 1
9 46 1
46 9 1
9 47 1
47 9 1
9 53 1
53 9 1
9 54 1
54 9 1
56 9 1
9 56 1
9 58 1
58 9 1
10 26 1
26 10 1
10 28 1
28 10 1
32 10 1
10 32 1
10 46 1
46 10 1
12 13 1
13 12 1
12 22 1
22 12 1
26 12 1
12 26 1
32 12 1
12 32 1
12 38 1
38 12 1
12 46 1
46 12 1
12 54 1
54 12 1
13 31 1
31 13 1
13 46 1
46 13 1
53 13 1
13 53 1
18 15 1
15 18 1
20 15 1
15 20 1
32 15 1
15 32 1
45 15 1
15 45 1
46 15 1
15 46 1
16 22 1
22 16 1
17 22 1
22 17 1
18 19 1
19 18 1
18 22 1
22 18 1
32 18 1
18 32 1
18 46 1
46 18 1
18 55 1
55 18 1
56 18 1
18 56 1
19 20 1
20 19 1
19 22 1
22 19 1
26 19 1
19 26 1
32 19 1
19 32 1
19 45 1
45 19 1
19 46 1
46 19 1
19 54 1
54 19 1
26 22 1
22 26 1
32 22 1
22 32 1
38 22 1
22 38 1
41 22 1
22 41 1
42 22 1
22 42 1
45 22 1
22 45 1
46 22 1
22 46 1
51 22 1
22 51 1
54 22 1
22 54 1
55 23 1
23 55 1
24 26 1
26 24 1
24 28 1
28 24 1
24 32 1
32 24 1
24 46 1
46 24 1
26 28 1
28 26 1
26 31 1
31 26 1
32 26 1
26 32 1
26 35 1
35 26 1
26 36 1
36 26 1
26 39 1
39 26 1
26 46 1
46 26 1
26 47 1
47 26 1
26 53 1
53 26 1
26 54 1
54 26 1
26 58 1
58 26 1
32 28 1
28 32 1
28 45 1
45 28 1
28 46 1
46 28 1
32 29 1
29 32 1
45 29 1
29 45 1
29 46 1
46 29 1
32 31 1
31 32 1
41 31 1
31 41 1
45 31 1
31 45 1
46 31 1
31 46 1
32 36 1
36 32 1
32 37 1
37 32 1
32 39 1
39 32 1
32 40 1
40 32 1
32 45 1
45 32 1
32 46 1
46 32 1
32 53 1
53 32 1
32 54 1
54 32 1
32 58 1
58 32 1
35 46 1
46 35 1
37 46 1
46 37 1
45 39 1
39 45 1
46 39 1
39 46 1
41 58 1
58 41 1
45 46 1
46 45 1
53 45 1
45 53 1
45 54 1
54 45 1
58 45 1
45 58 1
53 46 1
46 53 1
54 46 1
46 54 1
58 46 1
46 58 1
54 55 1
55 54 1
-1 -1 -1
