30  80
1 5 1
5 1 1
16 1 1
1 16 1
1 25 1
25 1 1
1 26 1
26 1 1
1 27 1
27 1 1
1 29 1
29 1 1
2 15 1
15 2 1
16 2 1
2 16 1
2 23 1
23 2 1
16 3 1
3 16 1
16 4 1
4 16 1
16 5 1
5 16 1
18 5 1
5 18 1
25 5 1
5 25 1
26 5 1
5 26 1
27 5 1
5 27 1
29 5 1
5 29 1
27 7 1
7 27 1
9 25 1
25 9 1
9 27 1
27 9 1
25 10 1
10 25 1
10 27 1
27 10 1
16 13 1
13 16 1
27 14 1
14 27 1
28 14 1
14 28 1
16 15 1
15 16 1
16 18 1
18 16 1
16 21 1
21 16 1
16 23 1
23 16 1
16 26 1
26 16 1
16 27 1
27 16 1
16 29 1
29 16 1
16 30 1
30 16 1
18 26 1
26 18 1
18 29 1
29 18 1
25 26 1
26 25 1
25 27 1
27 25 1
26 27 1
27 26 1
26 29 1
29 26 1
27 29 1
29 27 1
-1 -1 -1
