60  220
1 57 1
57 1 1
2 20 1
20 2 1
2 22 1
22 2 1
24 2 1
2 24 1
40 2 1
2 40 1
2 50 1
50 2 1
58 3 1
3 58 1
4 6 1
6 4 1
10 4 1
4 10 1
4 12 1
12 4 1
4 13 1
13 4 1
4 14 1
14 4 1
24 4 1
4 24 1
26 4 1
4 26 1
4 28 1
28 4 1
34 4 1
4 34 1
4 37 1
37 4 1
43 4 1
4 43 1
49 4 1
4 49 1
50 4 1
4 50 1
57 4 1
4 57 1
58 4 1
4 58 1
59 4 1
4 59 1
18 6 1
6 18 1
24 6 1
6 24 1
25 6 1
6 25 1
27 6 1
6 27 1
37 6 1
6 37 1
50 6 1
6 50 1
8 20 1
20 8 1
8 24 1
24 8 1
8 50 1
50 8 1
9 20 1
20 9 1
9 50 1
50 9 1
24 10 1
10 24 1
10 37 1
37 10 1
10 50 1
50 10 1
11 20 1
20 11 1
24 11 1
11 24 1
50 11 1
11 50 1
12 37 1
37 12 1
20 13 1
13 20 1
13 22 1
22 13 1
24 13 1
13 24 1
29 13 1
13 29 1
40 13 1
13 40 1
50 13 1
13 50 1
20 14 1
14 20 1
24 14 1
14 24 1
50 14 1
14 50 1
16 18 1
18 16 1
18 20 1
20 18 1
24 18 1
18 24 1
25 18 1
18 25 1
18 37 1
37 18 1
18 50 1
50 18 1
57 18 1
18 57 1
19 20 1
20 19 1
49 19 1
19 49 1
50 19 1
19 50 1
58 19 1
19 58 1
24 20 1
20 24 1
25 20 1
20 25 1
26 20 1
20 26 1
20 28 1
28 20 1
34 20 1
20 34 1
20 36 1
36 20 1
20 37 1
37 20 1
41 20 1
20 41 1
48 20 1
20 48 1
49 20 1
20 49 1
50 20 1
20 50 1
20 54 1
54 20 1
56 20 1
20 56 1
57 20 1
20 57 1
58 20 1
20 58 1
59 20 1
20 59 1
21 38 1
38 21 1
28 22 1
22 28 1
41 22 1
22 41 1
24 34 1
34 24 1
24 36 1
36 24 1
24 37 1
37 24 1
24 41 1
41 24 1
24 48 1
48 24 1
24 49 1
49 24 1
24 50 1
50 24 1
24 54 1
54 24 1
24 56 1
56 24 1
24 57 1
57 24 1
24 58 1
58 24 1
24 59 1
59 24 1
25 50 1
50 25 1
50 28 1
28 50 1
57 29 1
29 57 1
35 38 1
38 35 1
57 35 1
35 57 1
50 36 1
36 50 1
50 37 1
37 50 1
57 37 1
37 57 1
40 41 1
41 40 1
40 57 1
57 40 1
41 50 1
50 41 1
42 50 1
50 42 1
57 46 1
46 57 1
49 50 1
50 49 1
49 58 1
58 49 1
50 54 1
54 50 1
56 50 1
50 56 1
50 58 1
58 50 1
-1 -1 -1
