70  246
1 20 1
20 1 1
1 59 1
59 1 1
2 14 1
14 2 1
16 3 1
3 16 1
4 20 1
20 4 1
19 6 1
6 19 1
20 6 1
6 20 1
26 6 1
6 26 1
28 6 1
6 28 1
6 30 1
30 6 1
43 6 1
6 43 1
54 6 1
6 54 1
60 6 1
6 60 1
65 6 1
6 65 1
70 6 1
6 70 1
20 7 1
7 20 1
28 7 1
7 28 1
30 7 1
7 30 1
60 7 1
7 60 1
9 59 1
59 9 1
32 10 1
10 32 1
10 46 1
46 10 1
10 50 1
50 10 1
10 59 1
59 10 1
10 62 1
62 10 1
10 67 1
67 10 1
11 20 1
20 11 1
59 11 1
11 59 1
59 15 1
15 59 1
16 20 1
20 16 1
16 23 1
23 16 1
16 30 1
30 16 1
16 32 1
32 16 1
16 33 1
33 16 1
16 50 1
50 16 1
17 20 1
20 17 1
19 20 1
20 19 1
19 30 1
30 19 1
19 31 1
31 19 1
19 55 1
55 19 1
19 60 1
60 19 1
65 19 1
19 65 1
19 70 1
70 19 1
20 23 1
23 20 1
24 20 1
20 24 1
20 31 1
31 20 1
32 20 1
20 32 1
33 20 1
20 33 1
20 38 1
38 20 1
42 20 1
20 42 1
43 20 1
20 43 1
20 45 1
45 20 1
20 46 1
46 20 1
20 47 1
47 20 1
50 20 1
20 50 1
51 20 1
20 51 1
20 52 1
52 20 1
20 53 1
53 20 1
20 55 1
55 20 1
20 60 1
60 20 1
65 20 1
20 65 1
66 20 1
20 66 1
67 20 1
20 67 1
20 69 1
69 20 1
20 70 1
70 20 1
32 22 1
22 32 1
24 30 1
30 24 1
25 55 1
55 25 1
26 54 1
54 26 1
65 26 1
26 65 1
28 30 1
30 28 1
28 31 1
31 28 1
43 28 1
28 43 1
28 54 1
54 28 1
28 55 1
55 28 1
28 60 1
60 28 1
65 28 1
28 65 1
28 70 1
70 28 1
30 31 1
31 30 1
42 30 1
30 42 1
43 30 1
30 43 1
58 30 1
30 58 1
60 30 1
30 60 1
64 30 1
30 64 1
65 30 1
30 65 1
70 30 1
30 70 1
43 31 1
31 43 1
54 31 1
31 54 1
55 31 1
31 55 1
60 31 1
31 60 1
65 31 1
31 65 1
70 31 1
31 70 1
32 37 1
37 32 1
32 46 1
46 32 1
32 50 1
50 32 1
32 59 1
59 32 1
32 62 1
62 32 1
64 33 1
33 64 1
59 35 1
35 59 1
59 38 1
38 59 1
43 55 1
55 43 1
57 43 1
43 57 1
59 43 1
43 59 1
43 60 1
60 43 1
65 43 1
43 65 1
43 70 1
70 43 1
59 45 1
45 59 1
59 47 1
47 59 1
50 62 1
62 50 1
64 50 1
50 64 1
59 52 1
52 59 1
58 55 1
55 58 1
60 55 1
55 60 1
65 55 1
55 65 1
70 55 1
55 70 1
58 60 1
60 58 1
59 62 1
62 59 1
67 59 1
59 67 1
65 60 1
60 65 1
60 70 1
70 60 1
67 62 1
62 67 1
67 63 1
63 67 1
65 70 1
70 65 1
-1 -1 -1
