50  198
1 23 1
23 1 1
1 28 1
28 1 1
3 28 1
28 3 1
41 3 1
3 41 1
4 23 1
23 4 1
41 4 1
4 41 1
6 14 1
14 6 1
6 15 1
15 6 1
17 6 1
6 17 1
6 22 1
22 6 1
6 23 1
23 6 1
28 6 1
6 28 1
38 6 1
6 38 1
41 6 1
6 41 1
45 6 1
6 45 1
6 47 1
47 6 1
9 23 1
23 9 1
9 28 1
28 9 1
9 41 1
41 9 1
11 12 1
12 11 1
11 13 1
13 11 1
11 14 1
14 11 1
11 15 1
15 11 1
17 11 1
11 17 1
11 23 1
23 11 1
11 28 1
28 11 1
11 38 1
38 11 1
41 11 1
11 41 1
11 44 1
44 11 1
11 47 1
47 11 1
12 15 1
15 12 1
12 22 1
22 12 1
25 12 1
12 25 1
12 38 1
38 12 1
41 12 1
12 41 1
12 47 1
47 12 1
14 15 1
15 14 1
17 14 1
14 17 1
14 22 1
22 14 1
28 14 1
14 28 1
38 14 1
14 38 1
45 14 1
14 45 1
14 47 1
47 14 1
17 15 1
15 17 1
22 15 1
15 22 1
23 15 1
15 23 1
28 15 1
15 28 1
38 15 1
15 38 1
41 15 1
15 41 1
45 15 1
15 45 1
47 15 1
15 47 1
17 22 1
22 17 1
17 38 1
38 17 1
17 41 1
41 17 1
17 45 1
45 17 1
17 47 1
47 17 1
19 23 1
23 19 1
41 19 1
19 41 1
22 23 1
23 22 1
28 22 1
22 28 1
38 22 1
22 38 1
41 22 1
22 41 1
45 22 1
22 45 1
22 47 1
47 22 1
28 23 1
23 28 1
29 23 1
23 29 1
41 23 1
23 41 1
43 23 1
23 43 1
45 23 1
23 45 1
46 23 1
23 46 1
47 23 1
23 47 1
50 23 1
23 50 1
25 28 1
28 25 1
25 41 1
41 25 1
25 45 1
45 25 1
25 47 1
47 25 1
26 28 1
28 26 1
41 26 1
26 41 1
28 31 1
31 28 1
32 28 1
28 32 1
34 28 1
28 34 1
28 38 1
38 28 1
28 39 1
39 28 1
43 28 1
28 43 1
28 45 1
45 28 1
28 46 1
46 28 1
28 47 1
47 28 1
50 28 1
28 50 1
41 29 1
29 41 1
35 30 1
30 35 1
32 41 1
41 32 1
41 37 1
37 41 1
41 38 1
38 41 1
45 38 1
38 45 1
38 47 1
47 38 1
41 43 1
43 41 1
41 47 1
47 41 1
41 50 1
50 41 1
45 47 1
47 45 1
-1 -1 -1
