50  96
1 31 1
31 1 1
48 1 1
1 48 1
1 50 1
50 1 1
48 4 1
4 48 1
48 5 1
5 48 1
23 7 1
7 23 1
8 39 1
39 8 1
8 48 1
48 8 1
9 23 1
23 9 1
48 9 1
9 48 1
12 23 1
23 12 1
48 12 1
12 48 1
48 13 1
13 48 1
28 15 1
15 28 1
48 15 1
15 48 1
16 33 1
33 16 1
16 37 1
37 16 1
17 39 1
39 17 1
48 17 1
17 48 1
18 23 1
23 18 1
48 18 1
18 48 1
49 19 1
19 49 1
20 23 1
23 20 1
48 20 1
20 48 1
48 21 1
21 48 1
30 23 1
23 30 1
45 23 1
23 45 1
50 23 1
23 50 1
24 48 1
48 24 1
48 25 1
25 48 1
48 30 1
30 48 1
39 31 1
31 39 1
45 31 1
31 45 1
49 31 1
31 49 1
33 39 1
39 33 1
48 33 1
33 48 1
37 39 1
39 37 1
48 38 1
38 48 1
45 39 1
39 45 1
46 39 1
39 46 1
48 39 1
39 48 1
50 39 1
39 50 1
48 41 1
41 48 1
48 45 1
45 48 1
48 46 1
46 48 1
48 47 1
47 48 1
48 49 1
49 48 1
48 50 1
50 48 1
-1 -1 -1
