50  180
1 12 1
12 1 1
1 21 1
21 1 1
1 42 1
42 1 1
2 30 1
30 2 1
4 12 1
12 4 1
42 4 1
4 42 1
12 5 1
5 12 1
5 39 1
39 5 1
42 5 1
5 42 1
44 5 1
5 44 1
50 5 1
5 50 1
50 6 1
6 50 1
44 7 1
7 44 1
10 11 1
11 10 1
10 12 1
12 10 1
16 10 1
10 16 1
10 31 1
31 10 1
40 10 1
10 40 1
10 42 1
42 10 1
10 43 1
43 10 1
11 12 1
12 11 1
11 13 1
13 11 1
16 11 1
11 16 1
11 21 1
21 11 1
40 11 1
11 40 1
42 11 1
11 42 1
43 11 1
11 43 1
11 45 1
45 11 1
12 13 1
13 12 1
12 14 1
14 12 1
16 12 1
12 16 1
17 12 1
12 17 1
19 12 1
12 19 1
12 23 1
23 12 1
26 12 1
12 26 1
27 12 1
12 27 1
12 31 1
31 12 1
12 37 1
37 12 1
12 39 1
39 12 1
40 12 1
12 40 1
42 12 1
12 42 1
43 12 1
12 43 1
12 44 1
44 12 1
12 45 1
45 12 1
12 46 1
46 12 1
50 12 1
12 50 1
16 13 1
13 16 1
27 13 1
13 27 1
42 13 1
13 42 1
21 14 1
14 21 1
42 14 1
14 42 1
16 27 1
27 16 1
16 40 1
40 16 1
16 42 1
42 16 1
16 43 1
43 16 1
16 45 1
45 16 1
17 42 1
42 17 1
40 19 1
19 40 1
43 19 1
19 43 1
19 45 1
45 19 1
34 21 1
21 34 1
22 30 1
30 22 1
27 23 1
23 27 1
42 23 1
23 42 1
25 41 1
41 25 1
25 42 1
42 25 1
26 36 1
36 26 1
26 42 1
42 26 1
33 27 1
27 33 1
34 27 1
27 34 1
35 27 1
27 35 1
27 39 1
39 27 1
40 27 1
27 40 1
41 27 1
27 41 1
42 27 1
27 42 1
27 44 1
44 27 1
40 31 1
31 40 1
42 37 1
37 42 1
42 38 1
38 42 1
42 39 1
39 42 1
44 39 1
39 44 1
50 39 1
39 50 1
40 42 1
42 40 1
40 45 1
45 40 1
42 43 1
43 42 1
42 44 1
44 42 1
42 46 1
46 42 1
42 47 1
47 42 1
42 50 1
50 42 1
50 44 1
44 50 1
-1 -1 -1
