40  152
19 3 1
3 19 1
3 28 1
28 3 1
9 4 1
4 9 1
19 4 1
4 19 1
26 4 1
4 26 1
4 28 1
28 4 1
4 30 1
30 4 1
34 4 1
4 34 1
4 36 1
36 4 1
4 38 1
38 4 1
4 39 1
39 4 1
19 6 1
6 19 1
28 6 1
6 28 1
19 7 1
7 19 1
28 7 1
7 28 1
8 14 1
14 8 1
8 18 1
18 8 1
8 19 1
19 8 1
8 28 1
28 8 1
16 9 1
9 16 1
9 28 1
28 9 1
9 30 1
30 9 1
9 34 1
34 9 1
9 36 1
36 9 1
10 14 1
14 10 1
10 18 1
18 10 1
10 19 1
19 10 1
10 28 1
28 10 1
17 12 1
12 17 1
19 12 1
12 19 1
12 28 1
28 12 1
35 12 1
12 35 1
19 13 1
13 19 1
16 26 1
26 16 1
16 38 1
38 16 1
17 19 1
19 17 1
17 28 1
28 17 1
17 31 1
31 17 1
17 35 1
35 17 1
19 20 1
20 19 1
19 21 1
21 19 1
24 19 1
19 24 1
26 19 1
19 26 1
19 28 1
28 19 1
19 30 1
30 19 1
19 31 1
31 19 1
34 19 1
19 34 1
19 36 1
36 19 1
19 37 1
37 19 1
19 38 1
38 19 1
19 39 1
39 19 1
40 19 1
19 40 1
24 28 1
28 24 1
26 30 1
30 26 1
26 34 1
34 26 1
26 36 1
36 26 1
26 38 1
38 26 1
26 39 1
39 26 1
28 30 1
30 28 1
28 31 1
31 28 1
32 28 1
28 32 1
28 36 1
36 28 1
28 38 1
38 28 1
28 39 1
39 28 1
34 30 1
30 34 1
36 30 1
30 36 1
38 30 1
30 38 1
30 39 1
39 30 1
33 31 1
31 33 1
35 31 1
31 35 1
34 36 1
36 34 1
34 38 1
38 34 1
34 39 1
39 34 1
36 38 1
38 36 1
36 39 1
39 36 1
38 39 1
39 38 1
-1 -1 -1
