30  58
4 13 1
13 4 1
4 23 1
23 4 1
24 4 1
4 24 1
25 4 1
4 25 1
5 14 1
14 5 1
18 5 1
5 18 1
19 5 1
5 19 1
24 5 1
5 24 1
8 12 1
12 8 1
8 25 1
25 8 1
9 25 1
25 9 1
18 11 1
11 18 1
27 11 1
11 27 1
11 28 1
28 11 1
12 13 1
13 12 1
25 12 1
12 25 1
13 15 1
15 13 1
19 13 1
13 19 1
24 13 1
13 24 1
25 13 1
13 25 1
25 14 1
14 25 1
25 18 1
18 25 1
18 27 1
27 18 1
24 19 1
19 24 1
25 19 1
19 25 1
25 21 1
21 25 1
24 23 1
23 24 1
24 25 1
25 24 1
25 27 1
27 25 1
-1 -1 -1
