30  124
1 3 1
3 1 1
1 5 1
5 1 1
1 7 1
7 1 1
8 1 1
1 8 1
1 10 1
10 1 1
16 1 1
1 16 1
1 29 1
29 1 1
3 5 1
5 3 1
3 7 1
7 3 1
8 3 1
3 8 1
10 3 1
3 10 1
3 13 1
13 3 1
3 14 1
14 3 1
17 3 1
3 17 1
3 20 1
20 3 1
26 3 1
3 26 1
3 29 1
29 3 1
4 29 1
29 4 1
5 14 1
14 5 1
26 5 1
5 26 1
5 29 1
29 5 1
8 6 1
6 8 1
27 6 1
6 27 1
14 7 1
7 14 1
26 7 1
7 26 1
29 7 1
7 29 1
8 10 1
10 8 1
8 14 1
14 8 1
8 18 1
18 8 1
8 20 1
20 8 1
8 26 1
26 8 1
8 29 1
29 8 1
10 14 1
14 10 1
17 10 1
10 17 1
10 20 1
20 10 1
26 10 1
10 26 1
10 27 1
27 10 1
10 29 1
29 10 1
11 14 1
14 11 1
26 11 1
11 26 1
11 29 1
29 11 1
13 14 1
14 13 1
26 13 1
13 26 1
13 29 1
29 13 1
16 14 1
14 16 1
17 14 1
14 17 1
20 14 1
14 20 1
26 14 1
14 26 1
27 14 1
14 27 1
28 14 1
14 28 1
29 14 1
14 29 1
17 15 1
15 17 1
16 17 1
17 16 1
16 18 1
18 16 1
17 20 1
20 17 1
26 18 1
18 26 1
27 20 1
20 27 1
20 29 1
29 20 1
26 27 1
27 26 1
26 28 1
28 26 1
26 29 1
29 26 1
28 29 1
29 28 1
-1 -1 -1
