50  146
2 37 1
37 2 1
49 2 1
2 49 1
3 7 1
7 3 1
3 37 1
37 3 1
3 39 1
39 3 1
3 45 1
45 3 1
49 3 1
3 49 1
8 4 1
4 8 1
49 4 1
4 49 1
12 7 1
7 12 1
19 7 1
7 19 1
49 7 1
7 49 1
8 23 1
23 8 1
8 26 1
26 8 1
8 41 1
41 8 1
8 49 1
49 8 1
10 37 1
37 10 1
10 39 1
39 10 1
12 14 1
14 12 1
12 22 1
22 12 1
12 37 1
37 12 1
12 39 1
39 12 1
13 15 1
15 13 1
23 15 1
15 23 1
26 15 1
15 26 1
35 15 1
15 35 1
37 15 1
15 37 1
39 15 1
15 39 1
44 15 1
15 44 1
48 15 1
15 48 1
49 15 1
15 49 1
49 18 1
18 49 1
19 37 1
37 19 1
19 39 1
39 19 1
49 19 1
19 49 1
48 21 1
21 48 1
49 21 1
21 49 1
48 22 1
22 48 1
26 23 1
23 26 1
35 23 1
23 35 1
37 23 1
23 37 1
39 23 1
23 39 1
44 23 1
23 44 1
48 23 1
23 48 1
49 23 1
23 49 1
26 35 1
35 26 1
26 37 1
37 26 1
26 39 1
39 26 1
26 44 1
44 26 1
48 26 1
26 48 1
49 26 1
26 49 1
28 37 1
37 28 1
28 39 1
39 28 1
49 28 1
28 49 1
37 29 1
29 37 1
48 30 1
30 48 1
49 30 1
30 49 1
35 39 1
39 35 1
35 44 1
44 35 1
48 35 1
35 48 1
37 39 1
39 37 1
44 37 1
37 44 1
48 37 1
37 48 1
49 37 1
37 49 1
44 39 1
39 44 1
48 39 1
39 48 1
49 39 1
39 49 1
41 49 1
49 41 1
48 44 1
44 48 1
49 44 1
44 49 1
48 46 1
46 48 1
48 49 1
49 48 1
49 50 1
50 49 1
-1 -1 -1
