40  66
2 38 1
38 2 1
4 6 1
6 4 1
9 4 1
4 9 1
9 6 1
6 9 1
19 6 1
6 19 1
21 6 1
6 21 1
6 31 1
31 6 1
33 6 1
6 33 1
37 6 1
6 37 1
6 39 1
39 6 1
8 19 1
19 8 1
9 31 1
31 9 1
9 33 1
33 9 1
9 39 1
39 9 1
12 22 1
22 12 1
12 39 1
39 12 1
37 13 1
13 37 1
33 18 1
18 33 1
27 19 1
19 27 1
33 19 1
19 33 1
35 19 1
19 35 1
40 19 1
19 40 1
29 21 1
21 29 1
21 31 1
31 21 1
37 21 1
21 37 1
40 21 1
21 40 1
33 31 1
31 33 1
37 31 1
31 37 1
39 31 1
31 39 1
33 37 1
37 33 1
33 38 1
38 33 1
38 39 1
39 38 1
40 38 1
38 40 1
-1 -1 -1
