70  288
1 49 1
49 1 1
1 66 1
66 1 1
3 5 1
5 3 1
3 7 1
7 3 1
3 39 1
39 3 1
3 47 1
47 3 1
3 52 1
52 3 1
3 61 1
61 3 1
66 3 1
3 66 1
3 69 1
69 3 1
5 7 1
7 5 1
26 5 1
5 26 1
5 39 1
39 5 1
41 5 1
5 41 1
5 47 1
47 5 1
49 5 1
5 49 1
52 5 1
5 52 1
66 5 1
5 66 1
16 7 1
7 16 1
26 7 1
7 26 1
39 7 1
7 39 1
47 7 1
7 47 1
49 7 1
7 49 1
52 7 1
7 52 1
60 7 1
7 60 1
66 7 1
7 66 1
9 47 1
47 9 1
9 49 1
49 9 1
9 60 1
60 9 1
9 66 1
66 9 1
10 18 1
18 10 1
10 30 1
30 10 1
10 34 1
34 10 1
10 47 1
47 10 1
49 10 1
10 49 1
10 63 1
63 10 1
65 10 1
10 65 1
10 66 1
66 10 1
16 39 1
39 16 1
16 47 1
47 16 1
16 49 1
49 16 1
16 66 1
66 16 1
18 30 1
30 18 1
18 31 1
31 18 1
18 34 1
34 18 1
18 47 1
47 18 1
49 18 1
18 49 1
18 60 1
60 18 1
18 63 1
63 18 1
65 18 1
18 65 1
18 66 1
66 18 1
25 47 1
47 25 1
25 66 1
66 25 1
26 39 1
39 26 1
41 26 1
26 41 1
26 47 1
47 26 1
49 26 1
26 49 1
26 52 1
52 26 1
26 66 1
66 26 1
27 30 1
30 27 1
27 61 1
61 27 1
27 63 1
63 27 1
65 27 1
27 65 1
66 27 1
27 66 1
30 31 1
31 30 1
34 30 1
30 34 1
49 30 1
30 49 1
30 63 1
63 30 1
65 30 1
30 65 1
66 30 1
30 66 1
34 31 1
31 34 1
63 31 1
31 63 1
65 31 1
31 65 1
66 31 1
31 66 1
32 47 1
47 32 1
32 60 1
60 32 1
34 47 1
47 34 1
49 34 1
34 49 1
34 60 1
60 34 1
34 63 1
63 34 1
65 34 1
34 65 1
34 66 1
66 34 1
36 47 1
47 36 1
49 36 1
36 49 1
56 36 1
36 56 1
36 60 1
60 36 1
66 36 1
36 66 1
38 47 1
47 38 1
49 38 1
38 49 1
60 38 1
38 60 1
66 38 1
38 66 1
47 39 1
39 47 1
49 39 1
39 49 1
66 39 1
39 66 1
41 49 1
49 41 1
41 52 1
52 41 1
41 66 1
66 41 1
41 69 1
69 41 1
44 47 1
47 44 1
49 44 1
44 49 1
44 60 1
60 44 1
66 44 1
44 66 1
50 47 1
47 50 1
52 47 1
47 52 1
54 47 1
47 54 1
55 47 1
47 55 1
61 47 1
47 61 1
63 47 1
47 63 1
64 47 1
47 64 1
65 47 1
47 65 1
66 47 1
47 66 1
67 47 1
47 67 1
48 60 1
60 48 1
48 66 1
66 48 1
49 50 1
50 49 1
49 52 1
52 49 1
49 54 1
54 49 1
49 55 1
55 49 1
49 59 1
59 49 1
49 62 1
62 49 1
49 63 1
63 49 1
65 49 1
49 65 1
49 66 1
66 49 1
49 67 1
67 49 1
49 69 1
69 49 1
56 50 1
50 56 1
50 60 1
60 50 1
50 66 1
66 50 1
52 60 1
60 52 1
52 61 1
61 52 1
66 52 1
52 66 1
52 69 1
69 52 1
66 54 1
54 66 1
66 55 1
55 66 1
59 61 1
61 59 1
66 59 1
59 66 1
66 60 1
60 66 1
67 60 1
60 67 1
66 61 1
61 66 1
65 63 1
63 65 1
66 63 1
63 66 1
64 66 1
66 64 1
65 66 1
66 65 1
66 67 1
67 66 1
-1 -1 -1
