50  202
1 4 1
4 1 1
1 7 1
7 1 1
1 12 1
12 1 1
1 15 1
15 1 1
16 1 1
1 16 1
1 17 1
17 1 1
1 18 1
18 1 1
1 19 1
19 1 1
1 21 1
21 1 1
24 1 1
1 24 1
1 26 1
26 1 1
1 27 1
27 1 1
1 28 1
28 1 1
1 34 1
34 1 1
1 35 1
35 1 1
1 39 1
39 1 1
40 1 1
1 40 1
1 42 1
42 1 1
1 45 1
45 1 1
1 46 1
46 1 1
1 47 1
47 1 1
1 49 1
49 1 1
1 50 1
50 1 1
3 12 1
12 3 1
16 3 1
3 16 1
17 3 1
3 17 1
40 3 1
3 40 1
42 3 1
3 42 1
3 45 1
45 3 1
16 4 1
4 16 1
4 21 1
21 4 1
26 4 1
4 26 1
4 28 1
28 4 1
34 4 1
4 34 1
35 4 1
4 35 1
42 4 1
4 42 1
4 45 1
45 4 1
4 47 1
47 4 1
49 4 1
4 49 1
28 6 1
6 28 1
27 7 1
7 27 1
8 37 1
37 8 1
8 40 1
40 8 1
12 31 1
31 12 1
28 14 1
14 28 1
49 14 1
14 49 1
16 24 1
24 16 1
16 26 1
26 16 1
16 35 1
35 16 1
16 45 1
45 16 1
16 49 1
49 16 1
49 18 1
18 49 1
49 20 1
20 49 1
27 21 1
21 27 1
34 21 1
21 34 1
42 21 1
21 42 1
45 21 1
21 45 1
49 21 1
21 49 1
24 25 1
25 24 1
24 26 1
26 24 1
24 27 1
27 24 1
24 34 1
34 24 1
24 42 1
42 24 1
24 49 1
49 24 1
26 27 1
27 26 1
26 31 1
31 26 1
26 34 1
34 26 1
26 42 1
42 26 1
27 28 1
28 27 1
35 27 1
27 35 1
42 27 1
27 42 1
27 45 1
45 27 1
27 47 1
47 27 1
32 28 1
28 32 1
34 28 1
28 34 1
28 37 1
37 28 1
28 39 1
39 28 1
42 28 1
28 42 1
28 45 1
45 28 1
49 28 1
28 49 1
50 28 1
28 50 1
49 29 1
29 49 1
34 35 1
35 34 1
34 43 1
43 34 1
34 45 1
45 34 1
34 47 1
47 34 1
49 34 1
34 49 1
42 35 1
35 42 1
35 45 1
45 35 1
49 35 1
35 49 1
49 37 1
37 49 1
40 49 1
49 40 1
41 43 1
43 41 1
42 43 1
43 42 1
42 45 1
45 42 1
42 47 1
47 42 1
49 42 1
42 49 1
45 47 1
47 45 1
49 45 1
45 49 1
49 47 1
47 49 1
49 50 1
50 49 1
-1 -1 -1
