30  62
1 6 1
6 1 1
1 10 1
10 1 1
1 13 1
13 1 1
1 17 1
17 1 1
1 18 1
18 1 1
1 20 1
20 1 1
1 23 1
23 1 1
24 1 1
1 24 1
1 25 1
25 1 1
1 26 1
26 1 1
28 5 1
5 28 1
9 6 1
6 9 1
18 6 1
6 18 1
24 6 1
6 24 1
9 10 1
10 9 1
9 18 1
18 9 1
10 18 1
18 10 1
24 10 1
10 24 1
20 13 1
13 20 1
16 18 1
18 16 1
17 18 1
18 17 1
17 20 1
20 17 1
18 20 1
20 18 1
24 18 1
18 24 1
25 18 1
18 25 1
18 26 1
26 18 1
18 28 1
28 18 1
18 29 1
29 18 1
18 30 1
30 18 1
24 20 1
20 24 1
20 28 1
28 20 1
-1 -1 -1
