60  158
33 2 1
2 33 1
2 38 1
38 2 1
41 2 1
2 41 1
4 15 1
15 4 1
4 29 1
29 4 1
48 4 1
4 48 1
38 7 1
7 38 1
39 7 1
7 39 1
8 41 1
41 8 1
9 25 1
25 9 1
9 39 1
39 9 1
48 9 1
9 48 1
9 53 1
53 9 1
10 23 1
23 10 1
25 10 1
10 25 1
33 10 1
10 33 1
10 38 1
38 10 1
10 53 1
53 10 1
11 28 1
28 11 1
11 29 1
29 11 1
48 11 1
11 48 1
12 29 1
29 12 1
29 14 1
14 29 1
48 14 1
14 48 1
17 15 1
15 17 1
38 15 1
15 38 1
44 15 1
15 44 1
56 15 1
15 56 1
16 29 1
29 16 1
16 48 1
48 16 1
16 55 1
55 16 1
16 57 1
57 16 1
17 39 1
39 17 1
17 41 1
41 17 1
17 53 1
53 17 1
18 55 1
55 18 1
48 20 1
20 48 1
57 20 1
20 57 1
53 23 1
23 53 1
25 29 1
29 25 1
25 33 1
33 25 1
25 38 1
38 25 1
25 41 1
41 25 1
48 25 1
25 48 1
25 53 1
53 25 1
48 26 1
26 48 1
27 39 1
39 27 1
56 27 1
27 56 1
28 38 1
38 28 1
37 29 1
29 37 1
29 38 1
38 29 1
29 39 1
39 29 1
42 29 1
29 42 1
44 29 1
29 44 1
29 46 1
46 29 1
29 47 1
47 29 1
59 29 1
29 59 1
38 31 1
31 38 1
32 53 1
53 32 1
33 38 1
38 33 1
33 41 1
41 33 1
48 33 1
33 48 1
33 53 1
53 33 1
48 37 1
37 48 1
38 39 1
39 38 1
41 38 1
38 41 1
45 38 1
38 45 1
48 38 1
38 48 1
53 38 1
38 53 1
41 53 1
53 41 1
48 42 1
42 48 1
48 46 1
46 48 1
48 47 1
47 48 1
48 52 1
52 48 1
48 53 1
53 48 1
48 55 1
55 48 1
48 57 1
57 48 1
48 59 1
59 48 1
57 55 1
55 57 1
-1 -1 -1
