40  92
32 1 1
1 32 1
25 2 1
2 25 1
24 6 1
6 24 1
27 6 1
6 27 1
20 7 1
7 20 1
24 7 1
7 24 1
37 7 1
7 37 1
8 21 1
21 8 1
11 22 1
22 11 1
25 11 1
11 25 1
20 13 1
13 20 1
24 13 1
13 24 1
25 13 1
13 25 1
28 13 1
13 28 1
32 13 1
13 32 1
37 13 1
13 37 1
40 13 1
13 40 1
25 15 1
15 25 1
20 21 1
21 20 1
20 22 1
22 20 1
24 20 1
20 24 1
25 20 1
20 25 1
26 20 1
20 26 1
27 20 1
20 27 1
32 20 1
20 32 1
34 20 1
20 34 1
20 37 1
37 20 1
40 20 1
20 40 1
24 21 1
21 24 1
37 21 1
21 37 1
24 22 1
22 24 1
37 22 1
22 37 1
24 32 1
32 24 1
24 34 1
34 24 1
24 37 1
37 24 1
25 28 1
28 25 1
32 25 1
25 32 1
25 34 1
34 25 1
25 37 1
37 25 1
40 25 1
25 40 1
32 34 1
34 32 1
32 37 1
37 32 1
32 40 1
40 32 1
34 37 1
37 34 1
40 34 1
34 40 1
40 37 1
37 40 1
-1 -1 -1
