70  246
1 3 1
3 1 1
32 1 1
1 32 1
1 53 1
53 1 1
2 14 1
14 2 1
2 19 1
19 2 1
32 2 1
2 32 1
48 2 1
2 48 1
49 2 1
2 49 1
2 54 1
54 2 1
2 59 1
59 2 1
64 2 1
2 64 1
2 66 1
66 2 1
19 3 1
3 19 1
26 3 1
3 26 1
3 31 1
31 3 1
3 44 1
44 3 1
3 53 1
53 3 1
3 54 1
54 3 1
57 3 1
3 57 1
59 3 1
3 59 1
64 3 1
3 64 1
3 68 1
68 3 1
66 4 1
4 66 1
19 5 1
5 19 1
56 7 1
7 56 1
8 32 1
32 8 1
8 64 1
64 8 1
8 66 1
66 8 1
17 12 1
12 17 1
26 12 1
12 26 1
12 30 1
30 12 1
32 12 1
12 32 1
12 53 1
53 12 1
12 63 1
63 12 1
64 12 1
12 64 1
66 12 1
12 66 1
26 13 1
13 26 1
64 13 1
13 64 1
14 23 1
23 14 1
53 14 1
14 53 1
59 14 1
14 59 1
64 14 1
14 64 1
17 59 1
59 17 1
32 19 1
19 32 1
48 19 1
19 48 1
19 53 1
53 19 1
19 54 1
54 19 1
59 19 1
19 59 1
64 19 1
19 64 1
66 19 1
19 66 1
32 20 1
20 32 1
20 53 1
53 20 1
64 20 1
20 64 1
66 20 1
20 66 1
48 23 1
23 48 1
26 30 1
30 26 1
32 26 1
26 32 1
26 53 1
53 26 1
26 63 1
63 26 1
64 26 1
26 64 1
26 66 1
66 26 1
28 52 1
52 28 1
58 28 1
28 58 1
32 30 1
30 32 1
53 30 1
30 53 1
30 63 1
63 30 1
64 30 1
30 64 1
66 30 1
30 66 1
32 33 1
33 32 1
32 35 1
35 32 1
32 38 1
38 32 1
32 41 1
41 32 1
32 44 1
44 32 1
32 49 1
49 32 1
32 54 1
54 32 1
32 56 1
56 32 1
32 57 1
57 32 1
32 59 1
59 32 1
32 61 1
61 32 1
32 63 1
63 32 1
32 64 1
64 32 1
32 66 1
66 32 1
32 68 1
68 32 1
33 53 1
53 33 1
64 33 1
33 64 1
34 39 1
39 34 1
57 34 1
34 57 1
53 38 1
38 53 1
64 38 1
38 64 1
66 38 1
38 66 1
41 53 1
53 41 1
41 67 1
67 41 1
43 53 1
53 43 1
44 53 1
53 44 1
64 44 1
44 64 1
66 44 1
44 66 1
48 53 1
53 48 1
48 59 1
59 48 1
48 66 1
66 48 1
49 59 1
59 49 1
64 49 1
49 64 1
49 66 1
66 49 1
66 51 1
51 66 1
58 52 1
52 58 1
53 62 1
62 53 1
53 63 1
63 53 1
64 53 1
53 64 1
66 53 1
53 66 1
64 54 1
54 64 1
56 66 1
66 56 1
64 57 1
57 64 1
57 66 1
66 57 1
64 59 1
59 64 1
66 59 1
59 66 1
64 61 1
61 64 1
66 61 1
61 66 1
64 62 1
62 64 1
64 63 1
63 64 1
66 63 1
63 66 1
64 66 1
66 64 1
64 68 1
68 64 1
66 68 1
68 66 1
67 68 1
68 67 1
-1 -1 -1
