60  222
3 5 1
5 3 1
8 3 1
3 8 1
26 3 1
3 26 1
3 28 1
28 3 1
42 3 1
3 42 1
3 46 1
46 3 1
48 3 1
3 48 1
5 6 1
6 5 1
8 5 1
5 8 1
10 5 1
5 10 1
13 5 1
5 13 1
5 14 1
14 5 1
5 15 1
15 5 1
5 22 1
22 5 1
27 5 1
5 27 1
5 30 1
30 5 1
5 38 1
38 5 1
42 5 1
5 42 1
43 5 1
5 43 1
45 5 1
5 45 1
5 46 1
46 5 1
52 5 1
5 52 1
5 54 1
54 5 1
58 5 1
5 58 1
60 5 1
5 60 1
8 6 1
6 8 1
16 6 1
6 16 1
6 30 1
30 6 1
34 6 1
6 34 1
8 7 1
7 8 1
11 7 1
7 11 1
23 7 1
7 23 1
42 7 1
7 42 1
48 7 1
7 48 1
8 9 1
9 8 1
8 10 1
10 8 1
8 11 1
11 8 1
8 13 1
13 8 1
8 14 1
14 8 1
8 22 1
22 8 1
8 26 1
26 8 1
8 27 1
27 8 1
8 30 1
30 8 1
8 31 1
31 8 1
8 38 1
38 8 1
8 42 1
42 8 1
8 43 1
43 8 1
8 44 1
44 8 1
8 45 1
45 8 1
8 46 1
46 8 1
8 48 1
48 8 1
8 50 1
50 8 1
8 51 1
51 8 1
8 52 1
52 8 1
8 54 1
54 8 1
16 9 1
9 16 1
9 20 1
20 9 1
9 30 1
30 9 1
10 11 1
11 10 1
10 23 1
23 10 1
10 26 1
26 10 1
10 28 1
28 10 1
10 30 1
30 10 1
10 44 1
44 10 1
10 46 1
46 10 1
48 10 1
10 48 1
10 51 1
51 10 1
16 11 1
11 16 1
11 20 1
20 11 1
11 30 1
30 11 1
34 11 1
11 34 1
42 11 1
11 42 1
11 46 1
46 11 1
13 30 1
30 13 1
14 30 1
30 14 1
16 27 1
27 16 1
16 42 1
42 16 1
20 55 1
55 20 1
33 22 1
22 33 1
50 22 1
22 50 1
26 30 1
30 26 1
26 42 1
42 26 1
27 30 1
30 27 1
28 38 1
38 28 1
56 28 1
28 56 1
33 29 1
29 33 1
43 29 1
29 43 1
50 29 1
29 50 1
30 31 1
31 30 1
42 30 1
30 42 1
43 30 1
30 43 1
45 30 1
30 45 1
46 30 1
30 46 1
50 30 1
30 50 1
51 30 1
30 51 1
52 30 1
30 52 1
54 30 1
30 54 1
30 55 1
55 30 1
60 30 1
30 60 1
33 31 1
31 33 1
43 31 1
31 43 1
50 31 1
31 50 1
34 42 1
42 34 1
42 46 1
46 42 1
56 42 1
42 56 1
50 43 1
43 50 1
44 46 1
46 44 1
51 44 1
44 51 1
48 46 1
46 48 1
51 46 1
46 51 1
56 50 1
50 56 1
-1 -1 -1
