40  64
1 2 1
2 1 1
8 1 1
1 8 1
24 1 1
1 24 1
8 2 1
2 8 1
9 2 1
2 9 1
2 11 1
11 2 1
17 2 1
2 17 1
24 2 1
2 24 1
2 26 1
26 2 1
2 31 1
31 2 1
33 2 1
2 33 1
2 34 1
34 2 1
2 39 1
39 2 1
8 11 1
11 8 1
8 17 1
17 8 1
8 24 1
24 8 1
8 26 1
26 8 1
8 31 1
31 8 1
8 33 1
33 8 1
8 39 1
39 8 1
24 11 1
11 24 1
24 13 1
13 24 1
26 13 1
13 26 1
13 39 1
39 13 1
24 17 1
17 24 1
24 18 1
18 24 1
24 19 1
19 24 1
24 26 1
26 24 1
24 33 1
33 24 1
24 34 1
34 24 1
24 39 1
39 24 1
26 39 1
39 26 1
-1 -1 -1
