40  62
5 30 1
30 5 1
11 7 1
7 11 1
12 7 1
7 12 1
14 7 1
7 14 1
18 7 1
7 18 1
19 7 1
7 19 1
24 7 1
7 24 1
29 7 1
7 29 1
30 7 1
7 30 1
31 7 1
7 31 1
39 7 1
7 39 1
40 7 1
7 40 1
18 11 1
11 18 1
26 11 1
11 26 1
26 12 1
12 26 1
27 12 1
12 27 1
18 26 1
26 18 1
18 31 1
31 18 1
18 37 1
37 18 1
18 39 1
39 18 1
40 18 1
18 40 1
24 19 1
19 24 1
26 19 1
19 26 1
40 19 1
19 40 1
22 39 1
39 22 1
24 40 1
40 24 1
26 29 1
29 26 1
26 30 1
30 26 1
40 26 1
26 40 1
27 39 1
39 27 1
29 31 1
31 29 1
-1 -1 -1
