70  216
1 28 1
28 1 1
1 57 1
57 1 1
2 5 1
5 2 1
2 19 1
19 2 1
2 23 1
23 2 1
2 58 1
58 2 1
2 63 1
63 2 1
3 14 1
14 3 1
3 28 1
28 3 1
57 3 1
3 57 1
5 14 1
14 5 1
5 30 1
30 5 1
57 5 1
5 57 1
6 14 1
14 6 1
27 6 1
6 27 1
28 6 1
6 28 1
42 6 1
6 42 1
57 6 1
6 57 1
64 6 1
6 64 1
8 14 1
14 8 1
8 30 1
30 8 1
8 48 1
48 8 1
10 14 1
14 10 1
57 10 1
10 57 1
48 11 1
11 48 1
12 63 1
63 12 1
13 14 1
14 13 1
28 13 1
13 28 1
42 13 1
13 42 1
16 14 1
14 16 1
17 14 1
14 17 1
19 14 1
14 19 1
20 14 1
14 20 1
14 23 1
23 14 1
27 14 1
14 27 1
28 14 1
14 28 1
33 14 1
14 33 1
34 14 1
14 34 1
36 14 1
14 36 1
38 14 1
14 38 1
41 14 1
14 41 1
44 14 1
14 44 1
45 14 1
14 45 1
14 47 1
47 14 1
56 14 1
14 56 1
57 14 1
14 57 1
58 14 1
14 58 1
62 14 1
14 62 1
14 63 1
63 14 1
64 14 1
14 64 1
68 14 1
14 68 1
70 14 1
14 70 1
28 15 1
15 28 1
57 15 1
15 57 1
16 28 1
28 16 1
16 57 1
57 16 1
17 28 1
28 17 1
17 57 1
57 17 1
19 30 1
30 19 1
48 19 1
19 48 1
57 19 1
19 57 1
20 28 1
28 20 1
28 23 1
23 28 1
30 23 1
23 30 1
48 23 1
23 48 1
57 23 1
23 57 1
25 34 1
34 25 1
49 27 1
27 49 1
27 55 1
55 27 1
32 28 1
28 32 1
33 28 1
28 33 1
34 28 1
28 34 1
56 28 1
28 56 1
57 28 1
28 57 1
58 28 1
28 58 1
30 63 1
63 30 1
32 57 1
57 32 1
33 34 1
34 33 1
33 44 1
44 33 1
33 57 1
57 33 1
33 63 1
63 33 1
33 70 1
70 33 1
57 34 1
34 57 1
34 63 1
63 34 1
34 70 1
70 34 1
57 35 1
35 57 1
42 36 1
36 42 1
57 36 1
36 57 1
57 38 1
38 57 1
42 58 1
58 42 1
44 45 1
45 44 1
44 53 1
53 44 1
57 44 1
44 57 1
44 63 1
63 44 1
44 70 1
70 44 1
57 45 1
45 57 1
46 63 1
63 46 1
57 47 1
47 57 1
48 58 1
58 48 1
48 63 1
63 48 1
53 63 1
63 53 1
57 62 1
62 57 1
57 63 1
63 57 1
57 70 1
70 57 1
59 63 1
63 59 1
61 63 1
63 61 1
70 62 1
62 70 1
70 63 1
63 70 1
-1 -1 -1
