50  198
1 7 1
7 1 1
1 13 1
13 1 1
1 14 1
14 1 1
3 5 1
5 3 1
3 14 1
14 3 1
3 23 1
23 3 1
3 29 1
29 3 1
3 30 1
30 3 1
43 3 1
3 43 1
3 45 1
45 3 1
3 46 1
46 3 1
48 3 1
3 48 1
5 7 1
7 5 1
27 5 1
5 27 1
40 5 1
5 40 1
42 5 1
5 42 1
45 5 1
5 45 1
6 14 1
14 6 1
14 7 1
7 14 1
8 13 1
13 8 1
8 14 1
14 8 1
11 22 1
22 11 1
18 13 1
13 18 1
21 13 1
13 21 1
29 13 1
13 29 1
13 30 1
30 13 1
43 13 1
13 43 1
44 13 1
13 44 1
45 13 1
13 45 1
13 46 1
46 13 1
48 13 1
13 48 1
14 15 1
15 14 1
14 23 1
23 14 1
14 30 1
30 14 1
46 14 1
14 46 1
48 14 1
14 48 1
48 17 1
17 48 1
19 45 1
45 19 1
49 21 1
21 49 1
22 23 1
23 22 1
44 22 1
22 44 1
46 22 1
22 46 1
24 23 1
23 24 1
25 23 1
23 25 1
27 23 1
23 27 1
28 23 1
23 28 1
29 23 1
23 29 1
30 23 1
23 30 1
31 23 1
23 31 1
32 23 1
23 32 1
35 23 1
23 35 1
36 23 1
23 36 1
40 23 1
23 40 1
43 23 1
23 43 1
46 23 1
23 46 1
48 23 1
23 48 1
50 23 1
23 50 1
24 46 1
46 24 1
25 46 1
46 25 1
26 30 1
30 26 1
26 44 1
44 26 1
40 27 1
27 40 1
27 44 1
44 27 1
27 46 1
46 27 1
48 27 1
27 48 1
28 44 1
44 28 1
28 46 1
46 28 1
40 29 1
29 40 1
43 29 1
29 43 1
44 29 1
29 44 1
45 29 1
29 45 1
29 46 1
46 29 1
48 29 1
29 48 1
32 30 1
30 32 1
34 30 1
30 34 1
36 30 1
30 36 1
38 30 1
30 38 1
40 30 1
30 40 1
48 30 1
30 48 1
40 31 1
31 40 1
50 31 1
31 50 1
32 44 1
44 32 1
32 46 1
46 32 1
34 46 1
46 34 1
35 46 1
46 35 1
36 46 1
46 36 1
43 38 1
38 43 1
45 38 1
38 45 1
48 38 1
38 48 1
40 43 1
43 40 1
40 45 1
45 40 1
43 44 1
44 43 1
43 45 1
45 43 1
48 43 1
43 48 1
50 44 1
44 50 1
45 46 1
46 45 1
48 45 1
45 48 1
48 46 1
46 48 1
50 46 1
46 50 1
-1 -1 -1
