40  122
1 27 1
27 1 1
9 3 1
3 9 1
3 14 1
14 3 1
35 3 1
3 35 1
5 7 1
7 5 1
19 5 1
5 19 1
9 6 1
6 9 1
21 6 1
6 21 1
27 6 1
6 27 1
35 6 1
6 35 1
40 6 1
6 40 1
9 7 1
7 9 1
11 7 1
7 11 1
14 7 1
7 14 1
19 7 1
7 19 1
20 7 1
7 20 1
21 7 1
7 21 1
26 7 1
7 26 1
27 7 1
7 27 1
35 7 1
7 35 1
9 13 1
13 9 1
9 14 1
14 9 1
9 19 1
19 9 1
9 20 1
20 9 1
24 9 1
9 24 1
9 27 1
27 9 1
40 9 1
9 40 1
11 14 1
14 11 1
19 11 1
11 19 1
11 20 1
20 11 1
11 21 1
21 11 1
27 11 1
11 27 1
40 11 1
11 40 1
13 14 1
14 13 1
35 13 1
13 35 1
14 15 1
15 14 1
19 14 1
14 19 1
20 14 1
14 20 1
24 14 1
14 24 1
27 14 1
14 27 1
35 14 1
14 35 1
37 14 1
14 37 1
40 14 1
14 40 1
16 27 1
27 16 1
19 20 1
20 19 1
19 21 1
21 19 1
27 19 1
19 27 1
40 19 1
19 40 1
27 20 1
20 27 1
40 20 1
20 40 1
26 21 1
21 26 1
27 21 1
21 27 1
28 21 1
21 28 1
27 22 1
22 27 1
25 26 1
26 25 1
25 27 1
27 25 1
26 29 1
29 26 1
40 26 1
26 40 1
40 27 1
27 40 1
28 38 1
38 28 1
35 31 1
31 35 1
-1 -1 -1
