40  74
19 3 1
3 19 1
19 4 1
4 19 1
19 5 1
5 19 1
6 7 1
7 6 1
17 6 1
6 17 1
17 7 1
7 17 1
19 7 1
7 19 1
36 7 1
7 36 1
8 21 1
21 8 1
8 33 1
33 8 1
9 31 1
31 9 1
10 19 1
19 10 1
10 20 1
20 10 1
10 38 1
38 10 1
12 38 1
38 12 1
19 13 1
13 19 1
13 38 1
38 13 1
37 14 1
14 37 1
38 14 1
14 38 1
19 15 1
15 19 1
16 20 1
20 16 1
16 32 1
32 16 1
17 19 1
19 17 1
17 30 1
30 17 1
17 36 1
36 17 1
18 19 1
19 18 1
19 20 1
20 19 1
33 19 1
19 33 1
35 19 1
19 35 1
19 36 1
36 19 1
19 38 1
38 19 1
19 39 1
39 19 1
20 38 1
38 20 1
21 31 1
31 21 1
32 21 1
21 32 1
33 31 1
31 33 1
38 31 1
31 38 1
-1 -1 -1
