30  80
1 6 1
6 1 1
1 7 1
7 1 1
8 1 1
1 8 1
1 15 1
15 1 1
1 23 1
23 1 1
24 1 1
1 24 1
4 23 1
23 4 1
24 4 1
4 24 1
25 4 1
4 25 1
26 4 1
4 26 1
24 6 1
6 24 1
14 7 1
7 14 1
24 7 1
7 24 1
29 7 1
7 29 1
8 23 1
23 8 1
8 24 1
24 8 1
10 23 1
23 10 1
24 10 1
10 24 1
12 15 1
15 12 1
12 23 1
23 12 1
24 12 1
12 24 1
24 13 1
13 24 1
26 13 1
13 26 1
24 14 1
14 24 1
21 15 1
15 21 1
24 15 1
15 24 1
26 15 1
15 26 1
16 23 1
23 16 1
16 24 1
24 16 1
24 20 1
20 24 1
21 23 1
23 21 1
24 21 1
21 24 1
22 23 1
23 22 1
24 22 1
22 24 1
24 23 1
23 24 1
26 23 1
23 26 1
24 25 1
25 24 1
24 26 1
26 24 1
24 29 1
29 24 1
25 26 1
26 25 1
-1 -1 -1
