40  80
1 3 1
3 1 1
1 10 1
10 1 1
1 15 1
15 1 1
1 28 1
28 1 1
1 35 1
35 1 1
2 20 1
20 2 1
9 3 1
3 9 1
10 3 1
3 10 1
3 28 1
28 3 1
35 3 1
3 35 1
3 36 1
36 3 1
9 4 1
4 9 1
9 5 1
5 9 1
13 6 1
6 13 1
18 6 1
6 18 1
9 7 1
7 9 1
9 10 1
10 9 1
9 13 1
13 9 1
9 18 1
18 9 1
9 19 1
19 9 1
9 20 1
20 9 1
9 23 1
23 9 1
9 30 1
30 9 1
32 9 1
9 32 1
10 15 1
15 10 1
10 23 1
23 10 1
10 28 1
28 10 1
10 35 1
35 10 1
10 36 1
36 10 1
18 13 1
13 18 1
23 15 1
15 23 1
28 15 1
15 28 1
35 15 1
15 35 1
20 21 1
21 20 1
25 20 1
20 25 1
21 23 1
23 21 1
28 21 1
21 28 1
25 23 1
23 25 1
25 28 1
28 25 1
40 29 1
29 40 1
-1 -1 -1
