50  84
26 3 1
3 26 1
10 4 1
4 10 1
10 5 1
5 10 1
11 5 1
5 11 1
10 6 1
6 10 1
26 6 1
6 26 1
27 6 1
6 27 1
46 6 1
6 46 1
6 47 1
47 6 1
10 11 1
11 10 1
10 27 1
27 10 1
10 35 1
35 10 1
10 43 1
43 10 1
10 46 1
46 10 1
10 47 1
47 10 1
10 50 1
50 10 1
11 13 1
13 11 1
26 11 1
11 26 1
41 11 1
11 41 1
26 13 1
13 26 1
42 13 1
13 42 1
18 27 1
27 18 1
18 46 1
46 18 1
27 21 1
21 27 1
41 21 1
21 41 1
26 27 1
27 26 1
26 34 1
34 26 1
26 35 1
35 26 1
26 38 1
38 26 1
26 42 1
42 26 1
26 43 1
43 26 1
26 46 1
46 26 1
26 47 1
47 26 1
49 26 1
26 49 1
26 50 1
50 26 1
27 44 1
44 27 1
27 46 1
46 27 1
27 47 1
47 27 1
48 27 1
27 48 1
46 47 1
47 46 1
48 46 1
46 48 1
48 50 1
50 48 1
-1 -1 -1
