60  310
2 4 1
4 2 1
2 19 1
19 2 1
24 2 1
2 24 1
25 2 1
2 25 1
2 29 1
29 2 1
2 36 1
36 2 1
2 52 1
52 2 1
2 55 1
55 2 1
56 2 1
2 56 1
2 59 1
59 2 1
57 3 1
3 57 1
4 12 1
12 4 1
4 13 1
13 4 1
18 4 1
4 18 1
19 4 1
4 19 1
4 21 1
21 4 1
4 22 1
22 4 1
4 23 1
23 4 1
24 4 1
4 24 1
25 4 1
4 25 1
27 4 1
4 27 1
4 29 1
29 4 1
4 30 1
30 4 1
32 4 1
4 32 1
33 4 1
4 33 1
4 37 1
37 4 1
4 39 1
39 4 1
41 4 1
4 41 1
4 44 1
44 4 1
4 46 1
46 4 1
49 4 1
4 49 1
50 4 1
4 50 1
51 4 1
4 51 1
4 53 1
53 4 1
4 54 1
54 4 1
4 55 1
55 4 1
56 4 1
4 56 1
57 4 1
4 57 1
59 4 1
4 59 1
8 55 1
55 8 1
16 9 1
9 16 1
9 50 1
50 9 1
9 55 1
55 9 1
12 36 1
36 12 1
12 46 1
46 12 1
12 55 1
55 12 1
59 12 1
12 59 1
13 46 1
46 13 1
13 54 1
54 13 1
59 13 1
13 59 1
17 55 1
55 17 1
18 36 1
36 18 1
18 46 1
46 18 1
18 59 1
59 18 1
25 19 1
19 25 1
19 29 1
29 19 1
19 36 1
36 19 1
59 19 1
19 59 1
32 20 1
20 32 1
36 21 1
21 36 1
21 46 1
46 21 1
21 55 1
55 21 1
59 22 1
22 59 1
36 23 1
23 36 1
46 23 1
23 46 1
55 23 1
23 55 1
59 23 1
23 59 1
24 25 1
25 24 1
24 29 1
29 24 1
24 36 1
36 24 1
24 51 1
51 24 1
24 55 1
55 24 1
24 59 1
59 24 1
25 36 1
36 25 1
25 46 1
46 25 1
25 54 1
54 25 1
25 55 1
55 25 1
56 25 1
25 56 1
25 59 1
59 25 1
36 29 1
29 36 1
51 29 1
29 51 1
29 54 1
54 29 1
29 55 1
55 29 1
56 29 1
29 56 1
59 29 1
29 59 1
32 30 1
30 32 1
33 30 1
30 33 1
30 39 1
39 30 1
49 30 1
30 49 1
50 30 1
30 50 1
53 30 1
30 53 1
30 55 1
55 30 1
59 30 1
30 59 1
32 33 1
33 32 1
32 36 1
36 32 1
32 39 1
39 32 1
32 47 1
47 32 1
32 50 1
50 32 1
32 53 1
53 32 1
32 54 1
54 32 1
32 55 1
55 32 1
32 57 1
57 32 1
32 59 1
59 32 1
32 60 1
60 32 1
33 34 1
34 33 1
33 39 1
39 33 1
33 46 1
46 33 1
33 53 1
53 33 1
33 55 1
55 33 1
33 57 1
57 33 1
33 59 1
59 33 1
35 39 1
39 35 1
59 35 1
35 59 1
36 37 1
37 36 1
36 44 1
44 36 1
51 36 1
36 51 1
57 36 1
36 57 1
59 36 1
36 59 1
37 46 1
46 37 1
37 55 1
55 37 1
59 37 1
37 59 1
46 39 1
39 46 1
50 39 1
39 50 1
53 39 1
39 53 1
55 39 1
39 55 1
57 39 1
39 57 1
59 39 1
39 59 1
41 46 1
46 41 1
41 55 1
55 41 1
41 58 1
58 41 1
41 59 1
59 41 1
59 44 1
44 59 1
49 46 1
46 49 1
56 46 1
46 56 1
57 46 1
46 57 1
59 46 1
46 59 1
49 53 1
53 49 1
49 59 1
59 49 1
50 53 1
53 50 1
57 50 1
50 57 1
50 59 1
59 50 1
51 52 1
52 51 1
51 55 1
55 51 1
56 51 1
51 56 1
59 51 1
51 59 1
52 55 1
55 52 1
53 55 1
55 53 1
57 53 1
53 57 1
59 53 1
53 59 1
57 54 1
54 57 1
56 55 1
55 56 1
57 55 1
55 57 1
59 55 1
55 59 1
56 59 1
59 56 1
57 59 1
59 57 1
-1 -1 -1
