40  118
40 1 1
1 40 1
2 18 1
18 2 1
34 3 1
3 34 1
9 5 1
5 9 1
18 5 1
5 18 1
5 39 1
39 5 1
34 6 1
6 34 1
18 7 1
7 18 1
8 18 1
18 8 1
8 35 1
35 8 1
9 18 1
18 9 1
9 37 1
37 9 1
9 39 1
39 9 1
10 23 1
23 10 1
16 13 1
13 16 1
18 13 1
13 18 1
13 23 1
23 13 1
24 13 1
13 24 1
28 13 1
13 28 1
13 30 1
30 13 1
16 14 1
14 16 1
18 14 1
14 18 1
16 18 1
18 16 1
16 23 1
23 16 1
16 24 1
24 16 1
16 27 1
27 16 1
16 28 1
28 16 1
16 30 1
30 16 1
16 36 1
36 16 1
17 18 1
18 17 1
17 37 1
37 17 1
18 19 1
19 18 1
18 21 1
21 18 1
18 23 1
23 18 1
24 18 1
18 24 1
25 18 1
18 25 1
18 28 1
28 18 1
18 29 1
29 18 1
18 30 1
30 18 1
18 34 1
34 18 1
18 39 1
39 18 1
40 18 1
18 40 1
34 19 1
19 34 1
35 19 1
19 35 1
19 37 1
37 19 1
34 21 1
21 34 1
28 23 1
23 28 1
30 23 1
23 30 1
24 28 1
28 24 1
24 34 1
34 24 1
25 34 1
34 25 1
27 30 1
30 27 1
28 30 1
30 28 1
34 28 1
28 34 1
34 29 1
29 34 1
37 29 1
29 37 1
36 30 1
30 36 1
32 34 1
34 32 1
32 37 1
37 32 1
-1 -1 -1
