50  170
17 2 1
2 17 1
2 37 1
37 2 1
17 5 1
5 17 1
20 5 1
5 20 1
5 23 1
23 5 1
5 30 1
30 5 1
37 5 1
5 37 1
5 39 1
39 5 1
5 47 1
47 5 1
49 5 1
5 49 1
50 5 1
5 50 1
24 10 1
10 24 1
10 26 1
26 10 1
10 29 1
29 10 1
10 36 1
36 10 1
11 37 1
37 11 1
24 13 1
13 24 1
34 13 1
13 34 1
41 13 1
13 41 1
43 13 1
13 43 1
13 46 1
46 13 1
14 15 1
15 14 1
17 14 1
14 17 1
14 22 1
22 14 1
24 14 1
14 24 1
14 30 1
30 14 1
37 14 1
14 37 1
40 14 1
14 40 1
14 47 1
47 14 1
48 14 1
14 48 1
50 14 1
14 50 1
17 15 1
15 17 1
22 15 1
15 22 1
30 15 1
15 30 1
40 15 1
15 40 1
50 15 1
15 50 1
17 22 1
22 17 1
24 17 1
17 24 1
17 30 1
30 17 1
17 39 1
39 17 1
40 17 1
17 40 1
17 47 1
47 17 1
17 50 1
50 17 1
24 19 1
19 24 1
19 36 1
36 19 1
34 21 1
21 34 1
37 21 1
21 37 1
21 46 1
46 21 1
22 30 1
30 22 1
35 23 1
23 35 1
46 23 1
23 46 1
24 26 1
26 24 1
24 30 1
30 24 1
24 31 1
31 24 1
24 32 1
32 24 1
24 35 1
35 24 1
24 37 1
37 24 1
24 42 1
42 24 1
24 43 1
43 24 1
24 44 1
44 24 1
25 37 1
37 25 1
26 35 1
35 26 1
26 46 1
46 26 1
42 27 1
27 42 1
27 46 1
46 27 1
50 27 1
27 50 1
28 44 1
44 28 1
28 46 1
46 28 1
40 30 1
30 40 1
30 47 1
47 30 1
50 30 1
30 50 1
46 31 1
31 46 1
32 37 1
37 32 1
35 36 1
36 35 1
36 46 1
46 36 1
43 38 1
38 43 1
50 39 1
39 50 1
40 50 1
50 40 1
41 44 1
44 41 1
41 45 1
45 41 1
41 46 1
46 41 1
43 44 1
44 43 1
43 45 1
45 43 1
44 45 1
45 44 1
44 46 1
46 44 1
-1 -1 -1
