60  212
1 6 1
6 1 1
3 6 1
6 3 1
10 3 1
3 10 1
3 15 1
15 3 1
16 3 1
3 16 1
17 3 1
3 17 1
19 3 1
3 19 1
3 21 1
21 3 1
25 3 1
3 25 1
3 36 1
36 3 1
3 37 1
37 3 1
3 39 1
39 3 1
4 6 1
6 4 1
17 4 1
4 17 1
5 6 1
6 5 1
17 5 1
5 17 1
21 5 1
5 21 1
10 6 1
6 10 1
11 6 1
6 11 1
12 6 1
6 12 1
6 15 1
15 6 1
6 22 1
22 6 1
6 23 1
23 6 1
26 6 1
6 26 1
27 6 1
6 27 1
35 6 1
6 35 1
37 6 1
6 37 1
46 6 1
6 46 1
6 55 1
55 6 1
57 6 1
6 57 1
60 6 1
6 60 1
17 10 1
10 17 1
10 19 1
19 10 1
10 21 1
21 10 1
10 37 1
37 10 1
10 39 1
39 10 1
16 11 1
11 16 1
17 11 1
11 17 1
11 21 1
21 11 1
25 11 1
11 25 1
11 36 1
36 11 1
12 21 1
21 12 1
17 13 1
13 17 1
19 15 1
15 19 1
39 15 1
15 39 1
48 15 1
15 48 1
16 22 1
22 16 1
16 43 1
43 16 1
16 57 1
57 16 1
16 58 1
58 16 1
17 19 1
19 17 1
17 21 1
21 17 1
17 22 1
22 17 1
17 26 1
26 17 1
17 27 1
27 17 1
17 29 1
29 17 1
17 30 1
30 17 1
17 35 1
35 17 1
17 37 1
37 17 1
17 39 1
39 17 1
17 41 1
41 17 1
17 43 1
43 17 1
17 46 1
46 17 1
48 17 1
17 48 1
17 51 1
51 17 1
17 55 1
55 17 1
17 57 1
57 17 1
17 60 1
60 17 1
19 21 1
21 19 1
19 37 1
37 19 1
19 39 1
39 19 1
48 19 1
19 48 1
21 22 1
22 21 1
26 21 1
21 26 1
27 21 1
21 27 1
29 21 1
21 29 1
21 30 1
30 21 1
35 21 1
21 35 1
37 21 1
21 37 1
21 38 1
38 21 1
21 39 1
39 21 1
41 21 1
21 41 1
43 21 1
21 43 1
21 46 1
46 21 1
21 47 1
47 21 1
51 21 1
21 51 1
57 21 1
21 57 1
58 21 1
21 58 1
60 21 1
21 60 1
25 22 1
22 25 1
28 22 1
22 28 1
29 22 1
22 29 1
36 22 1
22 36 1
57 22 1
22 57 1
25 43 1
43 25 1
25 47 1
47 25 1
57 28 1
28 57 1
57 29 1
29 57 1
60 29 1
29 60 1
36 47 1
47 36 1
36 55 1
55 36 1
57 36 1
36 57 1
37 39 1
39 37 1
57 59 1
59 57 1
57 60 1
60 57 1
58 60 1
60 58 1
-1 -1 -1
