50  60
3 6 1
6 3 1
10 3 1
3 10 1
3 13 1
13 3 1
3 15 1
15 3 1
19 3 1
3 19 1
26 3 1
3 26 1
43 3 1
3 43 1
13 6 1
6 13 1
43 6 1
6 43 1
8 19 1
19 8 1
10 11 1
11 10 1
10 13 1
13 10 1
10 15 1
15 10 1
10 19 1
19 10 1
10 43 1
43 10 1
10 45 1
45 10 1
43 11 1
11 43 1
11 45 1
45 11 1
13 15 1
15 13 1
19 13 1
13 19 1
43 13 1
13 43 1
43 15 1
15 43 1
45 15 1
15 45 1
19 38 1
38 19 1
19 39 1
39 19 1
43 19 1
19 43 1
19 45 1
45 19 1
43 36 1
36 43 1
43 45 1
45 43 1
50 43 1
43 50 1
-1 -1 -1
