40  96
1 7 1
7 1 1
1 9 1
9 1 1
1 11 1
11 1 1
1 18 1
18 1 1
1 22 1
22 1 1
1 23 1
23 1 1
24 1 1
1 24 1
1 26 1
26 1 1
1 30 1
30 1 1
1 31 1
31 1 1
1 34 1
34 1 1
1 35 1
35 1 1
2 27 1
27 2 1
2 38 1
38 2 1
20 6 1
6 20 1
24 6 1
6 24 1
26 6 1
6 26 1
34 6 1
6 34 1
27 7 1
7 27 1
40 7 1
7 40 1
27 11 1
11 27 1
27 13 1
13 27 1
40 13 1
13 40 1
18 27 1
27 18 1
18 38 1
38 18 1
25 19 1
19 25 1
19 29 1
29 19 1
20 21 1
21 20 1
24 20 1
20 24 1
26 20 1
20 26 1
27 20 1
20 27 1
20 37 1
37 20 1
20 38 1
38 20 1
27 22 1
22 27 1
27 23 1
23 27 1
24 26 1
26 24 1
24 27 1
27 24 1
25 36 1
36 25 1
25 38 1
38 25 1
26 27 1
27 26 1
33 26 1
26 33 1
26 34 1
34 26 1
27 28 1
28 27 1
27 30 1
30 27 1
27 31 1
31 27 1
29 38 1
38 29 1
34 37 1
37 34 1
34 38 1
38 34 1
-1 -1 -1
