50  110
16 1 1
1 16 1
1 46 1
46 1 1
8 3 1
3 8 1
3 47 1
47 3 1
50 6 1
6 50 1
9 18 1
18 9 1
9 27 1
27 9 1
9 29 1
29 9 1
32 9 1
9 32 1
9 38 1
38 9 1
9 42 1
42 9 1
9 43 1
43 9 1
9 47 1
47 9 1
9 49 1
49 9 1
10 47 1
47 10 1
12 47 1
47 12 1
27 13 1
13 27 1
13 38 1
38 13 1
16 46 1
46 16 1
16 47 1
47 16 1
32 18 1
18 32 1
33 18 1
18 33 1
18 38 1
38 18 1
19 23 1
23 19 1
27 29 1
29 27 1
32 27 1
27 32 1
27 38 1
38 27 1
42 27 1
27 42 1
43 27 1
27 43 1
27 47 1
47 27 1
49 27 1
27 49 1
32 29 1
29 32 1
29 38 1
38 29 1
42 29 1
29 42 1
43 29 1
29 43 1
29 47 1
47 29 1
49 29 1
29 49 1
43 30 1
30 43 1
32 38 1
38 32 1
32 42 1
42 32 1
32 43 1
43 32 1
32 47 1
47 32 1
33 38 1
38 33 1
33 47 1
47 33 1
37 38 1
38 37 1
42 38 1
38 42 1
43 38 1
38 43 1
41 47 1
47 41 1
42 43 1
43 42 1
42 47 1
47 42 1
49 42 1
42 49 1
43 47 1
47 43 1
49 43 1
43 49 1
46 47 1
47 46 1
48 47 1
47 48 1
-1 -1 -1
