40  158
16 1 1
1 16 1
1 18 1
18 1 1
1 20 1
20 1 1
1 27 1
27 1 1
1 37 1
37 1 1
40 1 1
1 40 1
16 3 1
3 16 1
27 3 1
3 27 1
16 4 1
4 16 1
17 4 1
4 17 1
4 20 1
20 4 1
26 4 1
4 26 1
4 31 1
31 4 1
40 4 1
4 40 1
35 5 1
5 35 1
24 6 1
6 24 1
26 6 1
6 26 1
9 15 1
15 9 1
16 9 1
9 16 1
9 18 1
18 9 1
9 19 1
19 9 1
9 20 1
20 9 1
9 26 1
26 9 1
9 37 1
37 9 1
40 9 1
9 40 1
19 14 1
14 19 1
14 22 1
22 14 1
20 15 1
15 20 1
34 15 1
15 34 1
16 18 1
18 16 1
16 19 1
19 16 1
16 20 1
20 16 1
16 21 1
21 16 1
16 24 1
24 16 1
16 26 1
26 16 1
16 28 1
28 16 1
16 29 1
29 16 1
16 33 1
33 16 1
16 34 1
34 16 1
16 35 1
35 16 1
16 36 1
36 16 1
16 37 1
37 16 1
16 38 1
38 16 1
16 40 1
40 16 1
18 19 1
19 18 1
18 20 1
20 18 1
24 18 1
18 24 1
18 26 1
26 18 1
18 27 1
27 18 1
18 37 1
37 18 1
40 18 1
18 40 1
19 20 1
20 19 1
19 22 1
22 19 1
24 19 1
19 24 1
26 19 1
19 26 1
19 37 1
37 19 1
40 19 1
19 40 1
20 22 1
22 20 1
26 20 1
20 26 1
27 20 1
20 27 1
20 37 1
37 20 1
40 20 1
20 40 1
26 21 1
21 26 1
26 22 1
22 26 1
24 28 1
28 24 1
24 33 1
33 24 1
24 35 1
35 24 1
24 36 1
36 24 1
24 37 1
37 24 1
24 38 1
38 24 1
26 28 1
28 26 1
33 26 1
26 33 1
26 37 1
37 26 1
40 26 1
26 40 1
35 27 1
27 35 1
27 37 1
37 27 1
27 38 1
38 27 1
34 36 1
36 34 1
40 37 1
37 40 1
-1 -1 -1
