50  256
1 28 1
28 1 1
2 4 1
4 2 1
2 10 1
10 2 1
2 14 1
14 2 1
2 26 1
26 2 1
2 36 1
36 2 1
2 50 1
50 2 1
9 4 1
4 9 1
10 4 1
4 10 1
4 14 1
14 4 1
17 4 1
4 17 1
18 4 1
4 18 1
4 21 1
21 4 1
26 4 1
4 26 1
27 4 1
4 27 1
4 28 1
28 4 1
4 29 1
29 4 1
4 36 1
36 4 1
4 39 1
39 4 1
42 4 1
4 42 1
50 4 1
4 50 1
42 5 1
5 42 1
45 6 1
6 45 1
9 7 1
7 9 1
24 7 1
7 24 1
27 7 1
7 27 1
28 7 1
7 28 1
36 7 1
7 36 1
8 9 1
9 8 1
8 31 1
31 8 1
8 36 1
36 8 1
9 14 1
14 9 1
9 19 1
19 9 1
24 9 1
9 24 1
9 35 1
35 9 1
9 37 1
37 9 1
10 14 1
14 10 1
17 10 1
10 17 1
10 21 1
21 10 1
24 10 1
10 24 1
10 26 1
26 10 1
10 27 1
27 10 1
10 28 1
28 10 1
10 29 1
29 10 1
10 36 1
36 10 1
41 10 1
10 41 1
10 42 1
42 10 1
10 50 1
50 10 1
17 14 1
14 17 1
18 14 1
14 18 1
21 14 1
14 21 1
14 23 1
23 14 1
26 14 1
14 26 1
28 14 1
14 28 1
29 14 1
14 29 1
41 14 1
14 41 1
42 14 1
14 42 1
50 14 1
14 50 1
24 15 1
15 24 1
27 15 1
15 27 1
28 15 1
15 28 1
16 17 1
17 16 1
16 24 1
24 16 1
16 28 1
28 16 1
16 36 1
36 16 1
17 21 1
21 17 1
17 22 1
22 17 1
24 17 1
17 24 1
17 29 1
29 17 1
17 35 1
35 17 1
17 41 1
41 17 1
17 42 1
42 17 1
17 50 1
50 17 1
24 19 1
19 24 1
24 21 1
21 24 1
26 21 1
21 26 1
27 21 1
21 27 1
28 21 1
21 28 1
29 21 1
21 29 1
36 21 1
21 36 1
41 21 1
21 41 1
42 21 1
21 42 1
50 21 1
21 50 1
24 22 1
22 24 1
27 22 1
22 27 1
28 22 1
22 28 1
24 26 1
26 24 1
24 28 1
28 24 1
24 29 1
29 24 1
24 34 1
34 24 1
24 35 1
35 24 1
24 41 1
41 24 1
24 42 1
42 24 1
24 45 1
45 24 1
24 46 1
46 24 1
24 50 1
50 24 1
25 28 1
28 25 1
26 28 1
28 26 1
26 29 1
29 26 1
26 36 1
36 26 1
41 26 1
26 41 1
26 42 1
42 26 1
26 50 1
50 26 1
27 28 1
28 27 1
27 29 1
29 27 1
27 36 1
36 27 1
28 29 1
29 28 1
35 28 1
28 35 1
28 36 1
36 28 1
41 28 1
28 41 1
42 28 1
28 42 1
28 46 1
46 28 1
50 28 1
28 50 1
41 29 1
29 41 1
42 29 1
29 42 1
50 29 1
29 50 1
36 37 1
37 36 1
36 39 1
39 36 1
41 36 1
36 41 1
42 36 1
36 42 1
36 45 1
45 36 1
36 46 1
46 36 1
50 36 1
36 50 1
37 39 1
39 37 1
46 39 1
39 46 1
41 42 1
42 41 1
41 50 1
50 41 1
42 50 1
50 42 1
-1 -1 -1
