40  100
4 6 1
6 4 1
8 4 1
4 8 1
9 4 1
4 9 1
4 12 1
12 4 1
16 4 1
4 16 1
18 4 1
4 18 1
4 21 1
21 4 1
4 22 1
22 4 1
4 23 1
23 4 1
24 4 1
4 24 1
27 4 1
4 27 1
34 4 1
4 34 1
4 36 1
36 4 1
4 37 1
37 4 1
4 39 1
39 4 1
9 5 1
5 9 1
8 6 1
6 8 1
21 6 1
6 21 1
8 9 1
9 8 1
8 16 1
16 8 1
8 18 1
18 8 1
8 21 1
21 8 1
8 24 1
24 8 1
8 27 1
27 8 1
8 30 1
30 8 1
8 39 1
39 8 1
9 11 1
11 9 1
9 18 1
18 9 1
9 21 1
21 9 1
32 9 1
9 32 1
40 9 1
9 40 1
10 21 1
21 10 1
16 12 1
12 16 1
24 12 1
12 24 1
34 12 1
12 34 1
16 21 1
21 16 1
16 24 1
24 16 1
16 27 1
27 16 1
16 34 1
34 16 1
18 21 1
21 18 1
24 18 1
18 24 1
40 18 1
18 40 1
26 21 1
21 26 1
27 21 1
21 27 1
21 39 1
39 21 1
40 21 1
21 40 1
24 27 1
27 24 1
24 34 1
34 24 1
24 40 1
40 24 1
34 27 1
27 34 1
-1 -1 -1
