70  306
3 12 1
12 3 1
8 4 1
4 8 1
4 15 1
15 4 1
4 21 1
21 4 1
4 30 1
30 4 1
40 4 1
4 40 1
4 53 1
53 4 1
4 54 1
54 4 1
56 4 1
4 56 1
4 62 1
62 4 1
66 4 1
4 66 1
8 12 1
12 8 1
8 46 1
46 8 1
8 48 1
48 8 1
8 55 1
55 8 1
8 69 1
69 8 1
9 30 1
30 9 1
10 58 1
58 10 1
11 12 1
12 11 1
25 11 1
11 25 1
11 30 1
30 11 1
40 11 1
11 40 1
48 11 1
11 48 1
11 53 1
53 11 1
58 11 1
11 58 1
11 62 1
62 11 1
18 12 1
12 18 1
12 29 1
29 12 1
40 12 1
12 40 1
12 47 1
47 12 1
51 12 1
12 51 1
12 68 1
68 12 1
40 14 1
14 40 1
58 14 1
14 58 1
20 15 1
15 20 1
21 15 1
15 21 1
30 15 1
15 30 1
38 15 1
15 38 1
40 15 1
15 40 1
53 15 1
15 53 1
54 15 1
15 54 1
56 15 1
15 56 1
62 15 1
15 62 1
16 40 1
40 16 1
16 53 1
53 16 1
16 62 1
62 16 1
18 20 1
20 18 1
48 18 1
18 48 1
20 22 1
22 20 1
20 30 1
30 20 1
20 37 1
37 20 1
20 46 1
46 20 1
48 20 1
20 48 1
51 20 1
20 51 1
20 54 1
54 20 1
67 20 1
20 67 1
20 70 1
70 20 1
21 30 1
30 21 1
53 21 1
21 53 1
56 21 1
21 56 1
58 21 1
21 58 1
21 62 1
62 21 1
22 30 1
30 22 1
40 22 1
22 40 1
53 22 1
22 53 1
62 22 1
22 62 1
58 23 1
23 58 1
28 53 1
53 28 1
43 29 1
29 43 1
48 29 1
29 48 1
37 30 1
30 37 1
38 30 1
30 38 1
40 30 1
30 40 1
43 30 1
30 43 1
46 30 1
30 46 1
48 30 1
30 48 1
53 30 1
30 53 1
54 30 1
30 54 1
30 55 1
55 30 1
56 30 1
30 56 1
57 30 1
30 57 1
59 30 1
30 59 1
62 30 1
30 62 1
65 30 1
30 65 1
66 30 1
30 66 1
70 30 1
30 70 1
33 46 1
46 33 1
43 36 1
36 43 1
40 37 1
37 40 1
37 62 1
62 37 1
40 38 1
38 40 1
53 38 1
38 53 1
56 38 1
38 56 1
58 38 1
38 58 1
62 38 1
38 62 1
66 38 1
38 66 1
40 43 1
43 40 1
40 44 1
44 40 1
40 45 1
45 40 1
40 46 1
46 40 1
40 48 1
48 40 1
40 53 1
53 40 1
40 54 1
54 40 1
40 56 1
56 40 1
40 57 1
57 40 1
40 58 1
58 40 1
40 59 1
59 40 1
40 62 1
62 40 1
40 63 1
63 40 1
40 64 1
64 40 1
40 65 1
65 40 1
40 69 1
69 40 1
40 70 1
70 40 1
43 47 1
47 43 1
51 43 1
43 51 1
43 61 1
61 43 1
43 62 1
62 43 1
43 68 1
68 43 1
53 45 1
45 53 1
53 46 1
46 53 1
58 46 1
46 58 1
61 46 1
46 61 1
62 46 1
46 62 1
68 46 1
46 68 1
48 47 1
47 48 1
48 51 1
51 48 1
48 53 1
53 48 1
48 61 1
61 48 1
48 62 1
62 48 1
48 68 1
68 48 1
56 53 1
53 56 1
57 53 1
53 57 1
58 53 1
53 58 1
59 53 1
53 59 1
53 62 1
62 53 1
65 53 1
53 65 1
69 53 1
53 69 1
53 70 1
70 53 1
56 54 1
54 56 1
58 54 1
54 58 1
62 55 1
55 62 1
56 58 1
58 56 1
56 62 1
62 56 1
56 66 1
66 56 1
58 59 1
59 58 1
65 58 1
58 65 1
58 70 1
70 58 1
59 62 1
62 59 1
62 63 1
63 62 1
65 62 1
62 65 1
66 62 1
62 66 1
69 62 1
62 69 1
70 62 1
62 70 1
-1 -1 -1
