50  126
1 2 1
2 1 1
1 7 1
7 1 1
8 1 1
1 8 1
1 11 1
11 1 1
1 17 1
17 1 1
1 20 1
20 1 1
1 26 1
26 1 1
1 27 1
27 1 1
1 29 1
29 1 1
1 30 1
30 1 1
1 33 1
33 1 1
1 34 1
34 1 1
1 35 1
35 1 1
1 36 1
36 1 1
1 37 1
37 1 1
1 39 1
39 1 1
1 41 1
41 1 1
11 3 1
3 11 1
3 12 1
12 3 1
17 3 1
3 17 1
3 29 1
29 3 1
34 3 1
3 34 1
3 37 1
37 3 1
3 45 1
45 3 1
10 4 1
4 10 1
26 4 1
4 26 1
4 38 1
38 4 1
8 34 1
34 8 1
10 39 1
39 10 1
10 50 1
50 10 1
17 11 1
11 17 1
11 20 1
20 11 1
26 11 1
11 26 1
11 29 1
29 11 1
34 11 1
11 34 1
11 37 1
37 11 1
11 45 1
45 11 1
34 12 1
12 34 1
35 13 1
13 35 1
17 26 1
26 17 1
17 29 1
29 17 1
17 34 1
34 17 1
17 37 1
37 17 1
17 45 1
45 17 1
34 19 1
19 34 1
26 20 1
20 26 1
20 37 1
37 20 1
20 45 1
45 20 1
26 21 1
21 26 1
26 29 1
29 26 1
26 34 1
34 26 1
26 37 1
37 26 1
26 45 1
45 26 1
26 50 1
50 26 1
34 29 1
29 34 1
37 29 1
29 37 1
45 29 1
29 45 1
34 30 1
30 34 1
34 35 1
35 34 1
34 36 1
36 34 1
34 37 1
37 34 1
45 37 1
37 45 1
41 50 1
50 41 1
-1 -1 -1
