50  102
18 5 1
5 18 1
25 5 1
5 25 1
6 14 1
14 6 1
16 6 1
6 16 1
17 6 1
6 17 1
35 6 1
6 35 1
16 11 1
11 16 1
17 11 1
11 17 1
18 11 1
11 18 1
24 11 1
11 24 1
26 11 1
11 26 1
32 11 1
11 32 1
11 37 1
37 11 1
11 38 1
38 11 1
40 11 1
11 40 1
11 47 1
47 11 1
18 14 1
14 18 1
24 14 1
14 24 1
14 30 1
30 14 1
50 14 1
14 50 1
16 17 1
17 16 1
16 18 1
18 16 1
16 20 1
20 16 1
16 24 1
24 16 1
16 25 1
25 16 1
16 50 1
50 16 1
17 18 1
18 17 1
24 17 1
17 24 1
40 17 1
17 40 1
18 19 1
19 18 1
24 18 1
18 24 1
25 18 1
18 25 1
18 26 1
26 18 1
18 35 1
35 18 1
18 37 1
37 18 1
18 38 1
38 18 1
18 39 1
39 18 1
18 42 1
42 18 1
18 43 1
43 18 1
18 47 1
47 18 1
18 50 1
50 18 1
25 19 1
19 25 1
42 19 1
19 42 1
26 21 1
21 26 1
21 38 1
38 21 1
24 40 1
40 24 1
32 25 1
25 32 1
25 39 1
39 25 1
25 50 1
50 25 1
26 42 1
42 26 1
32 42 1
42 32 1
-1 -1 -1
