30  102
2 23 1
23 2 1
25 2 1
2 25 1
2 28 1
28 2 1
3 23 1
23 3 1
9 6 1
6 9 1
16 6 1
6 16 1
6 23 1
23 6 1
28 6 1
6 28 1
9 13 1
13 9 1
12 28 1
28 12 1
13 15 1
15 13 1
13 23 1
23 13 1
27 13 1
13 27 1
28 13 1
13 28 1
20 14 1
14 20 1
14 23 1
23 14 1
26 14 1
14 26 1
16 15 1
15 16 1
17 15 1
15 17 1
22 15 1
15 22 1
30 15 1
15 30 1
16 17 1
17 16 1
16 27 1
27 16 1
16 30 1
30 16 1
17 20 1
20 17 1
17 26 1
26 17 1
17 28 1
28 17 1
19 23 1
23 19 1
25 19 1
19 25 1
19 28 1
28 19 1
19 29 1
29 19 1
20 21 1
21 20 1
20 23 1
23 20 1
26 20 1
20 26 1
27 20 1
20 27 1
20 28 1
28 20 1
21 23 1
23 21 1
26 21 1
21 26 1
28 21 1
21 28 1
22 23 1
23 22 1
28 22 1
22 28 1
29 22 1
22 29 1
26 23 1
23 26 1
28 23 1
23 28 1
29 23 1
23 29 1
30 23 1
23 30 1
26 27 1
27 26 1
26 28 1
28 26 1
27 28 1
28 27 1
27 30 1
30 27 1
28 30 1
30 28 1
-1 -1 -1
