60  272
1 3 1
3 1 1
1 9 1
9 1 1
1 14 1
14 1 1
24 1 1
1 24 1
1 27 1
27 1 1
1 30 1
30 1 1
40 1 1
1 40 1
1 47 1
47 1 1
49 2 1
2 49 1
3 6 1
6 3 1
9 3 1
3 9 1
3 38 1
38 3 1
40 3 1
3 40 1
3 47 1
47 3 1
40 4 1
4 40 1
9 6 1
6 9 1
6 14 1
14 6 1
17 6 1
6 17 1
6 23 1
23 6 1
24 6 1
6 24 1
27 6 1
6 27 1
29 6 1
6 29 1
38 6 1
6 38 1
6 47 1
47 6 1
53 6 1
6 53 1
54 6 1
6 54 1
8 11 1
11 8 1
8 40 1
40 8 1
8 44 1
44 8 1
8 49 1
49 8 1
24 9 1
9 24 1
40 9 1
9 40 1
9 47 1
47 9 1
9 53 1
53 9 1
11 14 1
14 11 1
11 31 1
31 11 1
11 38 1
38 11 1
40 11 1
11 40 1
11 44 1
44 11 1
49 11 1
11 49 1
11 53 1
53 11 1
11 60 1
60 11 1
16 12 1
12 16 1
25 12 1
12 25 1
12 36 1
36 12 1
40 12 1
12 40 1
43 12 1
12 43 1
12 54 1
54 12 1
24 14 1
14 24 1
25 14 1
14 25 1
27 14 1
14 27 1
28 14 1
14 28 1
33 14 1
14 33 1
36 14 1
14 36 1
14 39 1
39 14 1
40 14 1
14 40 1
43 14 1
14 43 1
44 14 1
14 44 1
58 14 1
14 58 1
60 14 1
14 60 1
16 40 1
40 16 1
16 53 1
53 16 1
16 54 1
54 16 1
32 17 1
17 32 1
17 36 1
36 17 1
17 42 1
42 17 1
21 22 1
22 21 1
24 27 1
27 24 1
24 38 1
38 24 1
24 40 1
40 24 1
24 47 1
47 24 1
24 53 1
53 24 1
24 54 1
54 24 1
25 38 1
38 25 1
40 25 1
25 40 1
25 53 1
53 25 1
27 47 1
47 27 1
27 53 1
53 27 1
27 54 1
54 27 1
28 54 1
54 28 1
36 29 1
29 36 1
42 29 1
29 42 1
59 29 1
29 59 1
40 31 1
31 40 1
53 31 1
31 53 1
32 40 1
40 32 1
32 53 1
53 32 1
33 38 1
38 33 1
40 33 1
33 40 1
33 53 1
53 33 1
40 36 1
36 40 1
41 36 1
36 41 1
43 38 1
38 43 1
38 47 1
47 38 1
49 38 1
38 49 1
38 55 1
55 38 1
58 38 1
38 58 1
59 38 1
38 59 1
60 38 1
38 60 1
40 39 1
39 40 1
53 39 1
39 53 1
54 39 1
39 54 1
40 42 1
42 40 1
40 44 1
44 40 1
40 47 1
47 40 1
40 49 1
49 40 1
40 50 1
50 40 1
40 52 1
52 40 1
40 53 1
53 40 1
40 54 1
54 40 1
40 55 1
55 40 1
40 56 1
56 40 1
40 58 1
58 40 1
40 59 1
59 40 1
40 60 1
60 40 1
41 42 1
42 41 1
42 53 1
53 42 1
43 53 1
53 43 1
49 44 1
44 49 1
44 53 1
53 44 1
44 54 1
54 44 1
44 60 1
60 44 1
53 47 1
47 53 1
54 47 1
47 54 1
49 53 1
53 49 1
49 54 1
54 49 1
49 60 1
60 49 1
50 53 1
53 50 1
50 54 1
54 50 1
53 54 1
54 53 1
53 55 1
55 53 1
58 53 1
53 58 1
60 53 1
53 60 1
54 55 1
55 54 1
58 54 1
54 58 1
60 54 1
54 60 1
-1 -1 -1
