70  180
2 12 1
12 2 1
2 21 1
21 2 1
49 2 1
2 49 1
57 2 1
2 57 1
3 23 1
23 3 1
64 3 1
3 64 1
8 7 1
7 8 1
9 7 1
7 9 1
10 7 1
7 10 1
18 7 1
7 18 1
21 7 1
7 21 1
22 7 1
7 22 1
29 7 1
7 29 1
32 7 1
7 32 1
34 7 1
7 34 1
36 7 1
7 36 1
42 7 1
7 42 1
47 7 1
7 47 1
49 7 1
7 49 1
54 7 1
7 54 1
64 7 1
7 64 1
66 7 1
7 66 1
68 7 1
7 68 1
69 7 1
7 69 1
70 7 1
7 70 1
10 18 1
18 10 1
10 29 1
29 10 1
32 10 1
10 32 1
10 39 1
39 10 1
10 47 1
47 10 1
48 10 1
10 48 1
56 10 1
10 56 1
10 66 1
66 10 1
12 21 1
21 12 1
42 12 1
12 42 1
49 12 1
12 49 1
64 12 1
12 64 1
18 29 1
29 18 1
32 18 1
18 32 1
18 39 1
39 18 1
18 45 1
45 18 1
18 47 1
47 18 1
56 18 1
18 56 1
18 66 1
66 18 1
21 23 1
23 21 1
42 21 1
21 42 1
45 21 1
21 45 1
64 21 1
21 64 1
42 23 1
23 42 1
49 23 1
23 49 1
62 23 1
23 62 1
65 26 1
26 65 1
29 30 1
30 29 1
32 29 1
29 32 1
29 39 1
39 29 1
29 47 1
47 29 1
56 29 1
29 56 1
66 29 1
29 66 1
32 30 1
30 32 1
30 47 1
47 30 1
56 30 1
30 56 1
57 31 1
31 57 1
32 39 1
39 32 1
32 46 1
46 32 1
32 47 1
47 32 1
32 56 1
56 32 1
32 66 1
66 32 1
66 37 1
37 66 1
59 38 1
38 59 1
48 39 1
39 48 1
50 39 1
39 50 1
56 39 1
39 56 1
66 39 1
39 66 1
40 56 1
56 40 1
40 66 1
66 40 1
56 41 1
41 56 1
41 66 1
66 41 1
49 42 1
42 49 1
42 62 1
62 42 1
64 42 1
42 64 1
56 46 1
46 56 1
48 47 1
47 48 1
56 47 1
47 56 1
66 47 1
47 66 1
64 49 1
49 64 1
57 54 1
54 57 1
56 57 1
57 56 1
56 66 1
66 56 1
57 66 1
66 57 1
59 68 1
68 59 1
-1 -1 -1
