60  258
1 54 1
54 1 1
8 2 1
2 8 1
8 3 1
3 8 1
3 12 1
12 3 1
25 3 1
3 25 1
27 3 1
3 27 1
42 3 1
3 42 1
50 3 1
3 50 1
3 54 1
54 3 1
8 4 1
4 8 1
4 21 1
21 4 1
4 54 1
54 4 1
5 30 1
30 5 1
35 5 1
5 35 1
18 7 1
7 18 1
40 7 1
7 40 1
8 9 1
9 8 1
8 10 1
10 8 1
8 11 1
11 8 1
8 13 1
13 8 1
8 14 1
14 8 1
8 15 1
15 8 1
8 18 1
18 8 1
8 19 1
19 8 1
8 23 1
23 8 1
8 24 1
24 8 1
8 25 1
25 8 1
8 26 1
26 8 1
8 27 1
27 8 1
8 33 1
33 8 1
8 35 1
35 8 1
8 36 1
36 8 1
8 38 1
38 8 1
8 40 1
40 8 1
8 46 1
46 8 1
8 47 1
47 8 1
8 50 1
50 8 1
8 51 1
51 8 1
8 52 1
52 8 1
8 54 1
54 8 1
8 55 1
55 8 1
9 11 1
11 9 1
9 14 1
14 9 1
9 26 1
26 9 1
9 30 1
30 9 1
9 35 1
35 9 1
9 38 1
38 9 1
9 47 1
47 9 1
9 54 1
54 9 1
10 14 1
14 10 1
10 54 1
54 10 1
11 30 1
30 11 1
35 11 1
11 35 1
42 11 1
11 42 1
11 47 1
47 11 1
11 54 1
54 11 1
12 14 1
14 12 1
12 23 1
23 12 1
24 12 1
12 24 1
25 12 1
12 25 1
27 12 1
12 27 1
42 12 1
12 42 1
50 12 1
12 50 1
12 54 1
54 12 1
18 14 1
14 18 1
14 23 1
23 14 1
25 14 1
14 25 1
26 14 1
14 26 1
14 30 1
30 14 1
33 14 1
14 33 1
37 14 1
14 37 1
41 14 1
14 41 1
44 14 1
14 44 1
54 14 1
14 54 1
17 37 1
37 17 1
17 51 1
51 17 1
17 54 1
54 17 1
18 42 1
42 18 1
18 54 1
54 18 1
19 54 1
54 19 1
25 21 1
21 25 1
21 46 1
46 21 1
21 54 1
54 21 1
24 23 1
23 24 1
25 23 1
23 25 1
27 23 1
23 27 1
37 23 1
23 37 1
54 23 1
23 54 1
55 23 1
23 55 1
24 50 1
50 24 1
24 54 1
54 24 1
25 27 1
27 25 1
25 42 1
42 25 1
25 50 1
50 25 1
25 54 1
54 25 1
25 55 1
55 25 1
33 26 1
26 33 1
26 35 1
35 26 1
26 47 1
47 26 1
26 54 1
54 26 1
42 27 1
27 42 1
50 27 1
27 50 1
27 54 1
54 27 1
27 55 1
55 27 1
29 54 1
54 29 1
30 31 1
31 30 1
33 30 1
30 33 1
35 30 1
30 35 1
38 30 1
30 38 1
30 39 1
39 30 1
30 47 1
47 30 1
54 30 1
30 54 1
32 48 1
48 32 1
32 54 1
54 32 1
33 38 1
38 33 1
33 47 1
47 33 1
42 35 1
35 42 1
35 47 1
47 35 1
35 54 1
54 35 1
40 48 1
48 40 1
40 54 1
54 40 1
41 54 1
54 41 1
42 54 1
54 42 1
44 54 1
54 44 1
48 46 1
46 48 1
54 47 1
47 54 1
50 54 1
54 50 1
50 55 1
55 50 1
54 55 1
55 54 1
-1 -1 -1
