50  152
1 20 1
20 1 1
2 3 1
3 2 1
2 21 1
21 2 1
2 38 1
38 2 1
2 45 1
45 2 1
2 50 1
50 2 1
3 7 1
7 3 1
8 3 1
3 8 1
3 20 1
20 3 1
25 3 1
3 25 1
26 3 1
3 26 1
3 28 1
28 3 1
3 29 1
29 3 1
3 37 1
37 3 1
3 44 1
44 3 1
10 6 1
6 10 1
20 6 1
6 20 1
29 6 1
6 29 1
8 7 1
7 8 1
14 7 1
7 14 1
20 7 1
7 20 1
39 7 1
7 39 1
42 7 1
7 42 1
43 7 1
7 43 1
44 7 1
7 44 1
8 14 1
14 8 1
8 20 1
20 8 1
8 29 1
29 8 1
8 43 1
43 8 1
10 18 1
18 10 1
11 20 1
20 11 1
11 29 1
29 11 1
20 14 1
14 20 1
37 14 1
14 37 1
14 39 1
39 14 1
43 14 1
14 43 1
44 14 1
14 44 1
17 20 1
20 17 1
17 29 1
29 17 1
18 20 1
20 18 1
18 29 1
29 18 1
19 20 1
20 19 1
19 29 1
29 19 1
20 21 1
21 20 1
20 29 1
29 20 1
20 31 1
31 20 1
33 20 1
20 33 1
20 36 1
36 20 1
20 38 1
38 20 1
20 39 1
39 20 1
43 20 1
20 43 1
20 45 1
45 20 1
29 21 1
21 29 1
32 21 1
21 32 1
25 29 1
29 25 1
25 39 1
39 25 1
29 31 1
31 29 1
33 29 1
29 33 1
36 29 1
29 36 1
37 29 1
29 37 1
29 39 1
39 29 1
43 29 1
29 43 1
44 29 1
29 44 1
29 46 1
46 29 1
50 29 1
29 50 1
32 30 1
30 32 1
38 30 1
30 38 1
45 30 1
30 45 1
50 30 1
30 50 1
32 38 1
38 32 1
32 45 1
45 32 1
32 50 1
50 32 1
43 37 1
37 43 1
44 37 1
37 44 1
42 39 1
39 42 1
43 39 1
39 43 1
-1 -1 -1
