50  148
3 6 1
6 3 1
8 3 1
3 8 1
3 13 1
13 3 1
17 3 1
3 17 1
3 21 1
21 3 1
26 3 1
3 26 1
3 31 1
31 3 1
40 3 1
3 40 1
8 6 1
6 8 1
12 6 1
6 12 1
13 6 1
6 13 1
6 15 1
15 6 1
17 6 1
6 17 1
21 6 1
6 21 1
24 6 1
6 24 1
25 6 1
6 25 1
27 6 1
6 27 1
6 31 1
31 6 1
33 6 1
6 33 1
36 6 1
6 36 1
40 6 1
6 40 1
42 6 1
6 42 1
48 6 1
6 48 1
8 13 1
13 8 1
8 21 1
21 8 1
8 26 1
26 8 1
8 31 1
31 8 1
8 40 1
40 8 1
8 47 1
47 8 1
16 13 1
13 16 1
21 13 1
13 21 1
26 13 1
13 26 1
29 13 1
13 29 1
40 13 1
13 40 1
42 13 1
13 42 1
40 14 1
14 40 1
17 15 1
15 17 1
22 15 1
15 22 1
26 15 1
15 26 1
37 15 1
15 37 1
42 15 1
15 42 1
47 15 1
15 47 1
16 21 1
21 16 1
16 40 1
40 16 1
16 42 1
42 16 1
16 45 1
45 16 1
17 21 1
21 17 1
24 17 1
17 24 1
17 25 1
25 17 1
17 26 1
26 17 1
40 17 1
17 40 1
42 20 1
20 42 1
26 21 1
21 26 1
29 21 1
21 29 1
21 31 1
31 21 1
40 21 1
21 40 1
43 21 1
21 43 1
21 47 1
47 21 1
24 22 1
22 24 1
40 22 1
22 40 1
24 26 1
26 24 1
24 37 1
37 24 1
24 47 1
47 24 1
25 42 1
42 25 1
25 47 1
47 25 1
26 31 1
31 26 1
33 26 1
26 33 1
28 37 1
37 28 1
40 29 1
29 40 1
40 31 1
31 40 1
33 42 1
42 33 1
40 37 1
37 40 1
40 41 1
41 40 1
40 42 1
42 40 1
-1 -1 -1
