40  66
1 17 1
17 1 1
32 1 1
1 32 1
8 2 1
2 8 1
17 2 1
2 17 1
32 2 1
2 32 1
2 38 1
38 2 1
18 6 1
6 18 1
18 7 1
7 18 1
8 11 1
11 8 1
8 17 1
17 8 1
8 32 1
32 8 1
18 11 1
11 18 1
11 21 1
21 11 1
24 11 1
11 24 1
32 11 1
11 32 1
11 37 1
37 11 1
17 18 1
18 17 1
17 30 1
30 17 1
32 17 1
17 32 1
18 27 1
27 18 1
18 30 1
30 18 1
32 18 1
18 32 1
18 34 1
34 18 1
18 35 1
35 18 1
18 38 1
38 18 1
18 39 1
39 18 1
27 20 1
20 27 1
20 30 1
30 20 1
32 20 1
20 32 1
35 20 1
20 35 1
20 36 1
36 20 1
32 30 1
30 32 1
32 38 1
38 32 1
-1 -1 -1
