40  148
1 4 1
4 1 1
1 6 1
6 1 1
1 7 1
7 1 1
1 11 1
11 1 1
1 13 1
13 1 1
1 15 1
15 1 1
1 17 1
17 1 1
1 20 1
20 1 1
1 25 1
25 1 1
1 27 1
27 1 1
32 1 1
1 32 1
1 33 1
33 1 1
1 36 1
36 1 1
1 38 1
38 1 1
11 3 1
3 11 1
27 3 1
3 27 1
4 7 1
7 4 1
4 21 1
21 4 1
4 28 1
28 4 1
4 29 1
29 4 1
4 36 1
36 4 1
4 39 1
39 4 1
18 6 1
6 18 1
29 6 1
6 29 1
34 6 1
6 34 1
36 6 1
6 36 1
18 7 1
7 18 1
29 7 1
7 29 1
34 7 1
7 34 1
36 7 1
7 36 1
10 18 1
18 10 1
10 28 1
28 10 1
10 29 1
29 10 1
10 36 1
36 10 1
11 12 1
12 11 1
11 29 1
29 11 1
11 36 1
36 11 1
18 13 1
13 18 1
29 13 1
13 29 1
36 13 1
13 36 1
18 15 1
15 18 1
29 15 1
15 29 1
36 15 1
15 36 1
16 29 1
29 16 1
17 22 1
22 17 1
17 28 1
28 17 1
17 29 1
29 17 1
17 36 1
36 17 1
17 38 1
38 17 1
18 22 1
22 18 1
25 18 1
18 25 1
18 29 1
29 18 1
19 36 1
36 19 1
29 22 1
22 29 1
36 22 1
22 36 1
38 22 1
22 38 1
25 29 1
29 25 1
25 36 1
36 25 1
34 27 1
27 34 1
28 38 1
38 28 1
32 29 1
29 32 1
33 29 1
29 33 1
34 29 1
29 34 1
36 29 1
29 36 1
29 38 1
38 29 1
34 31 1
31 34 1
32 36 1
36 32 1
33 34 1
34 33 1
33 36 1
36 33 1
34 36 1
36 34 1
34 38 1
38 34 1
36 37 1
37 36 1
36 38 1
38 36 1
36 39 1
39 36 1
-1 -1 -1
