70  536
1 10 1
10 1 1
48 1 1
1 48 1
1 50 1
50 1 1
1 58 1
58 1 1
1 62 1
62 1 1
2 4 1
4 2 1
2 10 1
10 2 1
2 19 1
19 2 1
2 21 1
21 2 1
32 2 1
2 32 1
2 34 1
34 2 1
48 2 1
2 48 1
2 50 1
50 2 1
2 54 1
54 2 1
2 58 1
58 2 1
2 62 1
62 2 1
65 2 1
2 65 1
2 67 1
67 2 1
2 70 1
70 2 1
3 4 1
4 3 1
10 3 1
3 10 1
27 3 1
3 27 1
3 38 1
38 3 1
3 47 1
47 3 1
48 3 1
3 48 1
50 3 1
3 50 1
58 3 1
3 58 1
3 62 1
62 3 1
3 63 1
63 3 1
64 3 1
3 64 1
3 69 1
69 3 1
4 6 1
6 4 1
8 4 1
4 8 1
10 4 1
4 10 1
4 14 1
14 4 1
16 4 1
4 16 1
17 4 1
4 17 1
19 4 1
4 19 1
4 21 1
21 4 1
4 23 1
23 4 1
25 4 1
4 25 1
27 4 1
4 27 1
32 4 1
4 32 1
33 4 1
4 33 1
34 4 1
4 34 1
35 4 1
4 35 1
4 37 1
37 4 1
4 38 1
38 4 1
48 4 1
4 48 1
49 4 1
4 49 1
50 4 1
4 50 1
4 54 1
54 4 1
56 4 1
4 56 1
57 4 1
4 57 1
58 4 1
4 58 1
59 4 1
4 59 1
4 60 1
60 4 1
4 62 1
62 4 1
64 4 1
4 64 1
65 4 1
4 65 1
4 69 1
69 4 1
4 70 1
70 4 1
10 6 1
6 10 1
6 30 1
30 6 1
48 6 1
6 48 1
50 6 1
6 50 1
6 55 1
55 6 1
58 6 1
6 58 1
62 6 1
6 62 1
67 6 1
6 67 1
8 21 1
21 8 1
8 32 1
32 8 1
8 34 1
34 8 1
8 48 1
48 8 1
8 58 1
58 8 1
8 62 1
62 8 1
10 12 1
12 10 1
10 13 1
13 10 1
10 15 1
15 10 1
17 10 1
10 17 1
10 19 1
19 10 1
10 21 1
21 10 1
10 23 1
23 10 1
25 10 1
10 25 1
32 10 1
10 32 1
33 10 1
10 33 1
10 34 1
34 10 1
10 35 1
35 10 1
10 37 1
37 10 1
40 10 1
10 40 1
10 42 1
42 10 1
10 46 1
46 10 1
48 10 1
10 48 1
10 54 1
54 10 1
10 59 1
59 10 1
10 60 1
60 10 1
10 62 1
62 10 1
64 10 1
10 64 1
65 10 1
10 65 1
10 67 1
67 10 1
10 70 1
70 10 1
48 12 1
12 48 1
50 12 1
12 50 1
12 52 1
52 12 1
12 55 1
55 12 1
58 12 1
12 58 1
12 62 1
62 12 1
67 12 1
12 67 1
58 15 1
15 58 1
62 15 1
15 62 1
16 44 1
44 16 1
16 50 1
50 16 1
16 63 1
63 16 1
17 38 1
38 17 1
48 17 1
17 48 1
17 50 1
50 17 1
17 62 1
62 17 1
19 21 1
21 19 1
32 19 1
19 32 1
34 19 1
19 34 1
40 19 1
19 40 1
42 19 1
19 42 1
19 44 1
44 19 1
48 19 1
19 48 1
50 19 1
19 50 1
51 19 1
19 51 1
19 54 1
54 19 1
19 62 1
62 19 1
65 19 1
19 65 1
67 19 1
19 67 1
20 38 1
38 20 1
20 62 1
62 20 1
20 63 1
63 20 1
32 21 1
21 32 1
34 21 1
21 34 1
21 38 1
38 21 1
48 21 1
21 48 1
21 54 1
54 21 1
58 21 1
21 58 1
21 62 1
62 21 1
21 63 1
63 21 1
65 21 1
21 65 1
21 70 1
70 21 1
40 22 1
22 40 1
48 23 1
23 48 1
50 23 1
23 50 1
58 23 1
23 58 1
62 23 1
23 62 1
24 40 1
40 24 1
24 50 1
50 24 1
24 58 1
58 24 1
48 25 1
25 48 1
25 50 1
50 25 1
25 58 1
58 25 1
25 67 1
67 25 1
40 26 1
26 40 1
26 50 1
50 26 1
27 38 1
38 27 1
27 62 1
62 27 1
67 27 1
27 67 1
42 30 1
30 42 1
46 30 1
30 46 1
48 30 1
30 48 1
32 34 1
34 32 1
32 40 1
40 32 1
32 44 1
44 32 1
32 48 1
48 32 1
32 50 1
50 32 1
32 54 1
54 32 1
32 58 1
58 32 1
32 62 1
62 32 1
32 63 1
63 32 1
32 65 1
65 32 1
33 44 1
44 33 1
48 33 1
33 48 1
33 50 1
50 33 1
33 58 1
58 33 1
33 62 1
62 33 1
34 44 1
44 34 1
48 34 1
34 48 1
34 50 1
50 34 1
34 54 1
54 34 1
34 58 1
58 34 1
34 62 1
62 34 1
34 63 1
63 34 1
65 34 1
34 65 1
34 70 1
70 34 1
48 35 1
35 48 1
35 55 1
55 35 1
35 62 1
62 35 1
48 37 1
37 48 1
50 37 1
37 50 1
58 37 1
37 58 1
40 45 1
45 40 1
40 48 1
48 40 1
40 53 1
53 40 1
40 54 1
54 40 1
40 55 1
55 40 1
40 65 1
65 40 1
40 70 1
70 40 1
41 50 1
50 41 1
42 67 1
67 42 1
42 70 1
70 42 1
44 54 1
54 44 1
58 44 1
44 58 1
44 69 1
69 44 1
50 45 1
45 50 1
58 45 1
45 58 1
50 46 1
46 50 1
46 55 1
55 46 1
62 46 1
46 62 1
64 47 1
47 64 1
48 50 1
50 48 1
48 54 1
54 48 1
48 56 1
56 48 1
48 57 1
57 48 1
48 58 1
58 48 1
48 59 1
59 48 1
48 60 1
60 48 1
48 62 1
62 48 1
48 64 1
64 48 1
48 65 1
65 48 1
48 68 1
68 48 1
48 69 1
69 48 1
48 70 1
70 48 1
49 50 1
50 49 1
50 54 1
54 50 1
50 55 1
55 50 1
57 50 1
50 57 1
50 58 1
58 50 1
50 59 1
59 50 1
50 60 1
60 50 1
50 62 1
62 50 1
64 50 1
50 64 1
65 50 1
50 65 1
50 66 1
66 50 1
50 69 1
69 50 1
50 70 1
70 50 1
67 51 1
51 67 1
58 54 1
54 58 1
62 54 1
54 62 1
65 54 1
54 65 1
70 54 1
54 70 1
58 55 1
55 58 1
60 55 1
55 60 1
56 62 1
62 56 1
56 67 1
67 56 1
57 62 1
62 57 1
58 59 1
59 58 1
58 60 1
60 58 1
58 62 1
62 58 1
58 63 1
63 58 1
64 58 1
58 64 1
58 66 1
66 58 1
58 68 1
68 58 1
58 70 1
70 58 1
59 62 1
62 59 1
59 63 1
63 59 1
60 62 1
62 60 1
64 62 1
62 64 1
65 62 1
62 65 1
68 62 1
62 68 1
70 62 1
62 70 1
68 63 1
63 68 1
65 67 1
67 65 1
65 70 1
70 65 1
67 68 1
68 67 1
68 69 1
69 68 1
-1 -1 -1
