50  170
1 2 1
2 1 1
1 4 1
4 1 1
1 5 1
5 1 1
1 7 1
7 1 1
1 14 1
14 1 1
16 1 1
1 16 1
1 17 1
17 1 1
1 18 1
18 1 1
1 20 1
20 1 1
1 21 1
21 1 1
1 22 1
22 1 1
1 26 1
26 1 1
1 28 1
28 1 1
1 31 1
31 1 1
1 39 1
39 1 1
40 1 1
1 40 1
1 45 1
45 1 1
1 47 1
47 1 1
48 1 1
1 48 1
1 49 1
49 1 1
2 5 1
5 2 1
2 10 1
10 2 1
16 2 1
2 16 1
2 21 1
21 2 1
2 22 1
22 2 1
2 31 1
31 2 1
2 39 1
39 2 1
10 4 1
4 10 1
26 4 1
4 26 1
4 39 1
39 4 1
16 5 1
5 16 1
5 23 1
23 5 1
26 5 1
5 26 1
5 31 1
31 5 1
5 39 1
39 5 1
26 7 1
7 26 1
39 7 1
7 39 1
8 14 1
14 8 1
8 28 1
28 8 1
10 14 1
14 10 1
10 21 1
21 10 1
10 28 1
28 10 1
10 35 1
35 10 1
10 39 1
39 10 1
10 47 1
47 10 1
48 10 1
10 48 1
49 10 1
10 49 1
13 14 1
14 13 1
21 14 1
14 21 1
31 15 1
15 31 1
16 21 1
21 16 1
16 22 1
22 16 1
16 23 1
23 16 1
16 31 1
31 16 1
16 39 1
39 16 1
17 26 1
26 17 1
17 39 1
39 17 1
17 49 1
49 17 1
18 26 1
26 18 1
18 39 1
39 18 1
20 39 1
39 20 1
21 22 1
22 21 1
21 23 1
23 21 1
21 31 1
31 21 1
21 38 1
38 21 1
26 22 1
22 26 1
22 31 1
31 22 1
22 39 1
39 22 1
26 28 1
28 26 1
26 39 1
39 26 1
40 26 1
26 40 1
26 45 1
45 26 1
26 46 1
46 26 1
26 47 1
47 26 1
49 26 1
26 49 1
28 39 1
39 28 1
39 31 1
31 39 1
35 39 1
39 35 1
40 39 1
39 40 1
44 39 1
39 44 1
45 39 1
39 45 1
46 39 1
39 46 1
47 39 1
39 47 1
48 39 1
39 48 1
49 39 1
39 49 1
-1 -1 -1
