50  58
1 3 1
3 1 1
1 10 1
10 1 1
1 15 1
15 1 1
1 18 1
18 1 1
1 37 1
37 1 1
40 1 1
1 40 1
1 47 1
47 1 1
3 15 1
15 3 1
3 28 1
28 3 1
4 5 1
5 4 1
5 38 1
38 5 1
43 5 1
5 43 1
49 5 1
5 49 1
10 15 1
15 10 1
10 28 1
28 10 1
11 23 1
23 11 1
11 36 1
36 11 1
50 11 1
11 50 1
12 28 1
28 12 1
40 15 1
15 40 1
18 28 1
28 18 1
29 23 1
23 29 1
28 37 1
37 28 1
41 28 1
28 41 1
28 47 1
47 28 1
49 29 1
29 49 1
49 36 1
36 49 1
40 47 1
47 40 1
40 48 1
48 40 1
-1 -1 -1
