70  282
1 2 1
2 1 1
1 3 1
3 1 1
8 1 1
1 8 1
1 13 1
13 1 1
1 14 1
14 1 1
1 17 1
17 1 1
1 19 1
19 1 1
1 23 1
23 1 1
1 25 1
25 1 1
1 26 1
26 1 1
1 30 1
30 1 1
1 35 1
35 1 1
1 39 1
39 1 1
1 42 1
42 1 1
1 43 1
43 1 1
1 59 1
59 1 1
65 1 1
1 65 1
1 68 1
68 1 1
1 69 1
69 1 1
57 2 1
2 57 1
9 3 1
3 9 1
3 12 1
12 3 1
17 3 1
3 17 1
43 3 1
3 43 1
3 53 1
53 3 1
3 55 1
55 3 1
3 63 1
63 3 1
8 6 1
6 8 1
41 6 1
6 41 1
65 6 1
6 65 1
8 15 1
15 8 1
8 68 1
68 8 1
9 12 1
12 9 1
9 17 1
17 9 1
9 30 1
30 9 1
9 43 1
43 9 1
9 52 1
52 9 1
9 53 1
53 9 1
9 55 1
55 9 1
9 63 1
63 9 1
9 68 1
68 9 1
26 11 1
11 26 1
56 11 1
11 56 1
57 11 1
11 57 1
58 11 1
11 58 1
59 11 1
11 59 1
17 12 1
12 17 1
12 20 1
20 12 1
12 30 1
30 12 1
43 12 1
12 43 1
12 52 1
52 12 1
12 53 1
53 12 1
12 55 1
55 12 1
12 63 1
63 12 1
64 12 1
12 64 1
12 68 1
68 12 1
68 13 1
13 68 1
26 14 1
14 26 1
29 14 1
14 29 1
56 14 1
14 56 1
57 14 1
14 57 1
58 14 1
14 58 1
59 14 1
14 59 1
68 14 1
14 68 1
41 15 1
15 41 1
55 15 1
15 55 1
65 15 1
15 65 1
16 37 1
37 16 1
16 65 1
65 16 1
17 43 1
43 17 1
17 52 1
52 17 1
17 55 1
55 17 1
17 63 1
63 17 1
64 17 1
17 64 1
17 68 1
68 17 1
19 30 1
30 19 1
19 68 1
68 19 1
43 20 1
20 43 1
20 55 1
55 20 1
20 68 1
68 20 1
59 21 1
21 59 1
22 55 1
55 22 1
68 23 1
23 68 1
25 68 1
68 25 1
26 29 1
29 26 1
56 26 1
26 56 1
26 58 1
58 26 1
26 68 1
68 26 1
27 37 1
37 27 1
27 55 1
55 27 1
28 55 1
55 28 1
56 29 1
29 56 1
58 29 1
29 58 1
59 29 1
29 59 1
68 29 1
29 68 1
32 30 1
30 32 1
34 30 1
30 34 1
30 39 1
39 30 1
42 30 1
30 42 1
43 30 1
30 43 1
53 30 1
30 53 1
30 63 1
63 30 1
64 30 1
30 64 1
65 30 1
30 65 1
68 30 1
30 68 1
69 30 1
30 69 1
32 68 1
68 32 1
33 58 1
58 33 1
34 68 1
68 34 1
35 68 1
68 35 1
52 37 1
37 52 1
38 55 1
55 38 1
41 68 1
68 41 1
42 68 1
68 42 1
43 52 1
52 43 1
43 53 1
53 43 1
64 43 1
43 64 1
43 68 1
68 43 1
49 68 1
68 49 1
50 55 1
55 50 1
52 55 1
55 52 1
52 63 1
63 52 1
64 52 1
52 64 1
52 68 1
68 52 1
53 63 1
63 53 1
68 54 1
54 68 1
61 55 1
55 61 1
63 55 1
55 63 1
64 55 1
55 64 1
68 55 1
55 68 1
56 58 1
58 56 1
56 68 1
68 56 1
57 58 1
58 57 1
57 59 1
59 57 1
58 68 1
68 58 1
61 63 1
63 61 1
68 61 1
61 68 1
68 63 1
63 68 1
64 68 1
68 64 1
65 68 1
68 65 1
67 68 1
68 67 1
-1 -1 -1
