40  184
1 23 1
23 1 1
1 27 1
27 1 1
1 31 1
31 1 1
2 13 1
13 2 1
2 14 1
14 2 1
2 21 1
21 2 1
2 36 1
36 2 1
9 3 1
3 9 1
3 13 1
13 3 1
16 3 1
3 16 1
3 23 1
23 3 1
27 3 1
3 27 1
3 31 1
31 3 1
3 39 1
39 3 1
40 3 1
3 40 1
5 23 1
23 5 1
27 5 1
5 27 1
5 31 1
31 5 1
6 23 1
23 6 1
23 7 1
7 23 1
27 7 1
7 27 1
31 7 1
7 31 1
9 13 1
13 9 1
16 9 1
9 16 1
9 21 1
21 9 1
9 23 1
23 9 1
9 27 1
27 9 1
9 31 1
31 9 1
9 39 1
39 9 1
40 9 1
9 40 1
10 18 1
18 10 1
10 23 1
23 10 1
10 27 1
27 10 1
10 31 1
31 10 1
10 36 1
36 10 1
12 23 1
23 12 1
27 12 1
12 27 1
12 31 1
31 12 1
13 15 1
15 13 1
16 13 1
13 16 1
18 13 1
13 18 1
21 13 1
13 21 1
13 23 1
23 13 1
27 13 1
13 27 1
13 31 1
31 13 1
33 13 1
13 33 1
37 13 1
13 37 1
13 39 1
39 13 1
40 13 1
13 40 1
27 14 1
14 27 1
14 31 1
31 14 1
19 15 1
15 19 1
30 15 1
15 30 1
16 21 1
21 16 1
16 23 1
23 16 1
16 27 1
27 16 1
16 30 1
30 16 1
16 31 1
31 16 1
16 39 1
39 16 1
16 40 1
40 16 1
19 21 1
21 19 1
20 23 1
23 20 1
21 23 1
23 21 1
27 21 1
21 27 1
21 31 1
31 21 1
37 21 1
21 37 1
21 39 1
39 21 1
40 21 1
21 40 1
27 22 1
22 27 1
22 31 1
31 22 1
27 23 1
23 27 1
28 23 1
23 28 1
34 23 1
23 34 1
36 23 1
23 36 1
39 23 1
23 39 1
40 23 1
23 40 1
24 36 1
36 24 1
27 28 1
28 27 1
27 30 1
30 27 1
27 31 1
31 27 1
32 27 1
27 32 1
34 27 1
27 34 1
27 36 1
36 27 1
27 39 1
39 27 1
40 27 1
27 40 1
28 31 1
31 28 1
30 31 1
31 30 1
37 30 1
30 37 1
40 30 1
30 40 1
36 31 1
31 36 1
40 31 1
31 40 1
40 39 1
39 40 1
-1 -1 -1
