60  166
2 44 1
44 2 1
4 20 1
20 4 1
58 4 1
4 58 1
20 5 1
5 20 1
44 5 1
5 44 1
58 5 1
5 58 1
57 6 1
6 57 1
59 6 1
6 59 1
8 29 1
29 8 1
10 20 1
20 10 1
10 44 1
44 10 1
57 10 1
10 57 1
10 58 1
58 10 1
57 11 1
11 57 1
58 11 1
11 58 1
12 20 1
20 12 1
57 12 1
12 57 1
58 12 1
12 58 1
14 15 1
15 14 1
20 14 1
14 20 1
14 30 1
30 14 1
33 14 1
14 33 1
14 39 1
39 14 1
54 14 1
14 54 1
57 14 1
14 57 1
58 14 1
14 58 1
20 15 1
15 20 1
39 15 1
15 39 1
54 15 1
15 54 1
57 15 1
15 57 1
58 15 1
15 58 1
20 22 1
22 20 1
24 20 1
20 24 1
20 29 1
29 20 1
32 20 1
20 32 1
33 20 1
20 33 1
34 20 1
20 34 1
20 39 1
39 20 1
42 20 1
20 42 1
49 20 1
20 49 1
50 20 1
20 50 1
20 52 1
52 20 1
20 54 1
54 20 1
57 20 1
20 57 1
58 20 1
20 58 1
59 20 1
20 59 1
57 22 1
22 57 1
58 22 1
22 58 1
58 23 1
23 58 1
24 29 1
29 24 1
24 43 1
43 24 1
24 45 1
45 24 1
24 57 1
57 24 1
24 58 1
58 24 1
24 59 1
59 24 1
58 29 1
29 58 1
59 29 1
29 59 1
30 39 1
39 30 1
57 30 1
30 57 1
58 30 1
30 58 1
32 57 1
57 32 1
32 58 1
58 32 1
33 39 1
39 33 1
33 57 1
57 33 1
34 44 1
44 34 1
57 34 1
34 57 1
34 58 1
58 34 1
57 39 1
39 57 1
58 39 1
39 58 1
41 57 1
57 41 1
41 58 1
58 41 1
57 42 1
42 57 1
42 58 1
58 42 1
43 44 1
44 43 1
49 58 1
58 49 1
57 50 1
50 57 1
50 58 1
58 50 1
57 51 1
51 57 1
58 51 1
51 58 1
57 52 1
52 57 1
58 52 1
52 58 1
57 58 1
58 57 1
58 59 1
59 58 1
-1 -1 -1
