70  256
1 4 1
4 1 1
1 29 1
29 1 1
1 41 1
41 1 1
1 49 1
49 1 1
1 60 1
60 1 1
2 12 1
12 2 1
2 21 1
21 2 1
2 23 1
23 2 1
2 29 1
29 2 1
41 2 1
2 41 1
3 29 1
29 3 1
41 3 1
3 41 1
4 7 1
7 4 1
4 12 1
12 4 1
19 4 1
4 19 1
4 21 1
21 4 1
26 4 1
4 26 1
4 29 1
29 4 1
4 38 1
38 4 1
4 44 1
44 4 1
4 47 1
47 4 1
4 52 1
52 4 1
59 4 1
4 59 1
4 60 1
60 4 1
64 4 1
4 64 1
66 4 1
4 66 1
4 69 1
69 4 1
8 7 1
7 8 1
25 7 1
7 25 1
36 7 1
7 36 1
41 7 1
7 41 1
48 7 1
7 48 1
49 7 1
7 49 1
52 7 1
7 52 1
58 7 1
7 58 1
60 7 1
7 60 1
62 7 1
7 62 1
8 10 1
10 8 1
8 25 1
25 8 1
8 29 1
29 8 1
8 36 1
36 8 1
8 41 1
41 8 1
8 48 1
48 8 1
8 49 1
49 8 1
8 52 1
52 8 1
8 57 1
57 8 1
8 58 1
58 8 1
8 60 1
60 8 1
8 62 1
62 8 1
12 21 1
21 12 1
12 23 1
23 12 1
12 29 1
29 12 1
41 12 1
12 41 1
41 13 1
13 41 1
41 15 1
15 41 1
21 23 1
23 21 1
29 21 1
21 29 1
41 21 1
21 41 1
50 21 1
21 50 1
28 23 1
23 28 1
29 23 1
23 29 1
41 23 1
23 41 1
25 44 1
44 25 1
25 59 1
59 25 1
64 25 1
25 64 1
26 27 1
27 26 1
26 29 1
29 26 1
41 26 1
26 41 1
56 27 1
27 56 1
58 27 1
27 58 1
27 60 1
60 27 1
50 28 1
28 50 1
29 31 1
31 29 1
37 29 1
29 37 1
29 38 1
38 29 1
29 39 1
39 29 1
41 29 1
29 41 1
44 29 1
29 44 1
29 47 1
47 29 1
49 29 1
29 49 1
50 29 1
29 50 1
52 29 1
29 52 1
56 29 1
29 56 1
58 29 1
29 58 1
60 29 1
29 60 1
64 29 1
29 64 1
65 29 1
29 65 1
66 29 1
29 66 1
69 29 1
29 69 1
41 31 1
31 41 1
33 39 1
39 33 1
33 69 1
69 33 1
41 37 1
37 41 1
50 37 1
37 50 1
41 38 1
38 41 1
41 39 1
39 41 1
40 41 1
41 40 1
41 44 1
44 41 1
41 47 1
47 41 1
41 50 1
50 41 1
41 52 1
52 41 1
41 58 1
58 41 1
41 59 1
59 41 1
41 60 1
60 41 1
64 41 1
41 64 1
65 41 1
41 65 1
41 66 1
66 41 1
41 69 1
69 41 1
48 44 1
44 48 1
50 47 1
47 50 1
62 47 1
47 62 1
48 59 1
59 48 1
48 64 1
64 48 1
49 52 1
52 49 1
49 60 1
60 49 1
50 52 1
52 50 1
50 58 1
58 50 1
65 50 1
50 65 1
50 69 1
69 50 1
58 52 1
52 58 1
52 60 1
60 52 1
52 62 1
62 52 1
58 60 1
60 58 1
59 62 1
62 59 1
60 62 1
62 60 1
64 62 1
62 64 1
65 62 1
62 65 1
69 62 1
62 69 1
-1 -1 -1
