50  74
1 4 1
4 1 1
1 5 1
5 1 1
1 13 1
13 1 1
1 25 1
25 1 1
32 1 1
1 32 1
1 38 1
38 1 1
1 41 1
41 1 1
4 13 1
13 4 1
32 4 1
4 32 1
4 38 1
38 4 1
41 4 1
4 41 1
4 46 1
46 4 1
48 4 1
4 48 1
13 5 1
5 13 1
32 5 1
5 32 1
34 5 1
5 34 1
5 38 1
38 5 1
41 5 1
5 41 1
5 46 1
46 5 1
32 12 1
12 32 1
25 13 1
13 25 1
32 13 1
13 32 1
13 38 1
38 13 1
41 13 1
13 41 1
13 46 1
46 13 1
32 14 1
14 32 1
32 25 1
25 32 1
32 27 1
27 32 1
32 28 1
28 32 1
32 38 1
38 32 1
32 43 1
43 32 1
32 46 1
46 32 1
32 49 1
49 32 1
41 38 1
38 41 1
46 38 1
38 46 1
41 46 1
46 41 1
45 46 1
46 45 1
-1 -1 -1
