50  164
1 5 1
5 1 1
1 34 1
34 1 1
1 42 1
42 1 1
2 46 1
46 2 1
4 36 1
36 4 1
4 47 1
47 4 1
5 7 1
7 5 1
10 5 1
5 10 1
12 5 1
5 12 1
5 14 1
14 5 1
16 5 1
5 16 1
17 5 1
5 17 1
20 5 1
5 20 1
5 22 1
22 5 1
28 5 1
5 28 1
29 5 1
5 29 1
5 30 1
30 5 1
32 5 1
5 32 1
34 5 1
5 34 1
35 5 1
5 35 1
36 5 1
5 36 1
5 39 1
39 5 1
40 5 1
5 40 1
44 5 1
5 44 1
45 5 1
5 45 1
5 46 1
46 5 1
48 5 1
5 48 1
50 5 1
5 50 1
34 7 1
7 34 1
8 47 1
47 8 1
10 34 1
34 10 1
10 47 1
47 10 1
11 29 1
29 11 1
11 36 1
36 11 1
11 46 1
46 11 1
32 13 1
13 32 1
36 13 1
13 36 1
34 14 1
14 34 1
16 34 1
34 16 1
16 47 1
47 16 1
20 22 1
22 20 1
32 20 1
20 32 1
34 20 1
20 34 1
20 36 1
36 20 1
20 39 1
39 20 1
20 44 1
44 20 1
20 46 1
46 20 1
20 47 1
47 20 1
32 21 1
21 32 1
21 46 1
46 21 1
32 22 1
22 32 1
34 22 1
22 34 1
22 39 1
39 22 1
44 22 1
22 44 1
46 22 1
22 46 1
34 28 1
28 34 1
41 29 1
29 41 1
34 30 1
30 34 1
30 47 1
47 30 1
32 34 1
34 32 1
32 39 1
39 32 1
32 41 1
41 32 1
32 46 1
46 32 1
32 47 1
47 32 1
32 49 1
49 32 1
34 35 1
35 34 1
34 36 1
36 34 1
34 44 1
44 34 1
34 46 1
46 34 1
34 47 1
47 34 1
41 36 1
36 41 1
49 36 1
36 49 1
37 47 1
47 37 1
44 39 1
39 44 1
46 39 1
39 46 1
41 46 1
46 41 1
41 47 1
47 41 1
44 46 1
46 44 1
45 47 1
47 45 1
49 46 1
46 49 1
48 47 1
47 48 1
50 47 1
47 50 1
-1 -1 -1
